0.000000000000000000e+00 2.000000000000000000e+00 0.000000000000000000e+00
6.000000000000000000e+00 1.995993532549314553e+00 -6.689007012622566473e-04
1.200000000000000000e+01 1.991973364005766189e+00 -6.711594667678733245e-04
1.800000000000000000e+01 1.987939568495312725e+00 -6.734431303915343987e-04
2.400000000000000000e+01 1.983891995263927788e+00 -6.757520861241128910e-04
3.000000000000000000e+01 1.979830490575366975e+00 -6.780870658618153111e-04
3.600000000000000000e+01 1.975754897816897504e+00 -6.804482601629042960e-04
4.200000000000000000e+01 1.971665057350953321e+00 -6.828363303073197235e-04
4.800000000000000000e+01 1.967560806435632470e+00 -6.852518419020077467e-04
5.400000000000000000e+01 1.963441979146013594e+00 -6.876951351969394673e-04
6.000000000000000000e+01 1.959308406298152949e+00 -6.901670880294480913e-04
6.600000000000000000e+01 1.955159915331590614e+00 -6.926680350792258902e-04
7.200000000000000000e+01 1.950996330267232404e+00 -6.951985713647889850e-04
7.800000000000000000e+01 1.946817471535363442e+00 -6.977593307717551993e-04
8.400000000000000000e+01 1.942623155912041710e+00 -7.003509467974601771e-04
9.000000000000000000e+01 1.938413196416030271e+00 -7.029740480230233651e-04
9.600000000000000000e+01 1.934187402192869998e+00 -7.056292360438138787e-04
1.020000000000000000e+02 1.929945578388835292e+00 -7.083173782603537864e-04
1.080000000000000000e+02 1.925687526083420753e+00 -7.110388646783785856e-04
1.140000000000000000e+02 1.921413042080520661e+00 -7.137946322525902517e-04
1.200000000000000000e+02 1.917121918860681395e+00 -7.165854339879682271e-04
1.260000000000000000e+02 1.912813944408276567e+00 -7.194119003939507912e-04
1.320000000000000000e+02 1.908488902081650007e+00 -7.222747847820466024e-04
1.380000000000000000e+02 1.904146570478023603e+00 -7.251750863300454293e-04
1.440000000000000000e+02 1.899786723254021537e+00 -7.281135752217243783e-04
1.500000000000000000e+02 1.895409129013525096e+00 -7.310909438805779674e-04
1.560000000000000000e+02 1.891013551119511193e+00 -7.341082724437631053e-04
1.620000000000000000e+02 1.886599747526997106e+00 -7.371663160959660618e-04
1.680000000000000000e+02 1.882167470628287376e+00 -7.402661253617963052e-04
1.740000000000000000e+02 1.877716467006943502e+00 -7.434086723682276987e-04
1.800000000000000000e+02 1.873246477366839580e+00 -7.465949550458731701e-04
1.860000000000000000e+02 1.868757236194323212e+00 -7.498260726739705605e-04
1.920000000000000000e+02 1.864248471641575255e+00 -7.531030136842167128e-04
1.980000000000000000e+02 1.859719905310310395e+00 -7.564268828969186991e-04
2.040000000000000000e+02 1.855171251958737333e+00 -7.597987724937202555e-04
2.100000000000000000e+02 1.850602219340898635e+00 -7.632201022323510577e-04
2.160000000000000000e+02 1.846012507905954392e+00 -7.666920459226942743e-04
2.220000000000000000e+02 1.841401810550715057e+00 -7.702156295142910478e-04
2.280000000000000000e+02 1.836769812424052795e+00 -7.737924957873761403e-04
2.340000000000000000e+02 1.832116190506291931e+00 -7.774237833654812748e-04
2.400000000000000000e+02 1.827440613294246230e+00 -7.811111071003009818e-04
2.460000000000000000e+02 1.822742740870974432e+00 -7.848558257143412953e-04
2.520000000000000000e+02 1.818022224071527804e+00 -7.886594742383708353e-04
2.580000000000000000e+02 1.813278704462737201e+00 -7.925236841049206624e-04
2.640000000000000000e+02 1.808511813771482180e+00 -7.964500509464077704e-04
2.700000000000000000e+02 1.803721173716586579e+00 -8.004404569053454000e-04
2.760000000000000000e+02 1.798906395478391262e+00 -8.044964712182161703e-04
2.820000000000000000e+02 1.794067079391208575e+00 -8.086200653959038816e-04
2.880000000000000000e+02 1.789202814379075246e+00 -8.128130567578156903e-04
2.940000000000000000e+02 1.784313177560513219e+00 -8.170775662397016491e-04
3.000000000000000000e+02 1.779397733783990132e+00 -8.214157339574491064e-04
3.060000000000000000e+02 1.774456035126239284e+00 -8.258295151728443093e-04
3.120000000000000000e+02 1.769487620358994207e+00 -8.303214752812776260e-04
3.180000000000000000e+02 1.764492014323863600e+00 -8.348937744314374526e-04
3.240000000000000000e+02 1.759468727298914903e+00 -8.395488798059845418e-04
3.300000000000000000e+02 1.754417254574723639e+00 -8.442894501704501994e-04
3.360000000000000000e+02 1.749337075552627407e+00 -8.491180872456644121e-04
3.420000000000000000e+02 1.744227653298990210e+00 -8.540376008540675459e-04
3.480000000000000000e+02 1.739088433416130508e+00 -8.590510993236811143e-04
3.540000000000000000e+02 1.733918843689359779e+00 -8.641613911167131358e-04
3.600000000000000000e+02 1.728718292933578704e+00 -8.693719745883227721e-04
3.660000000000000000e+02 1.723486170325510214e+00 -8.746859649870121099e-04
3.720000000000000000e+02 1.718221844281078603e+00 -8.801069991290266575e-04
3.780000000000000000e+02 1.712924661489773959e+00 -8.856388917515813303e-04
3.840000000000000000e+02 1.707593945938339131e+00 -8.912852638489731760e-04
3.900000000000000000e+02 1.702228997916187536e+00 -8.970503658491698999e-04
3.960000000000000000e+02 1.696829092463814526e+00 -9.029384973975859490e-04
4.020000000000000000e+02 1.691393478243484960e+00 -9.089539992128846304e-04
4.080000000000000000e+02 1.685921376331177113e+00 -9.151019065723552505e-04
4.140000000000000000e+02 1.680411978533318029e+00 -9.213867626374290694e-04
4.200000000000000000e+02 1.674864445992147788e+00 -9.278143048885115771e-04
4.260000000000000000e+02 1.669277907353443613e+00 -9.343897518314039788e-04
4.320000000000000000e+02 1.663651457167143466e+00 -9.411191266045434989e-04
4.380000000000000000e+02 1.657984153808594208e+00 -9.480085767829159920e-04
4.440000000000000000e+02 1.652275017486823705e+00 -9.550645446207261646e-04
4.500000000000000000e+02 1.646523027959973628e+00 -9.622941093664132096e-04
4.560000000000000000e+02 1.640727122432412477e+00 -9.697045029559395353e-04
4.620000000000000000e+02 1.634886192601710864e+00 -9.773034569980061734e-04
4.680000000000000000e+02 1.628999082241051832e+00 -9.850994081202282815e-04
4.740000000000000000e+02 1.623064583986710163e+00 -9.931009721444962121e-04
4.800000000000000000e+02 1.617081436013970697e+00 -1.001317512619023884e-03
4.860000000000000000e+02 1.611048318972918336e+00 -1.009758942189398906e-03
4.920000000000000000e+02 1.604963851877194481e+00 -1.018435946242867308e-03
4.980000000000000000e+02 1.598826587916984288e+00 -1.027359774830290465e-03
5.040000000000000000e+02 1.592635010186115974e+00 -1.036542598931263631e-03
5.100000000000000000e+02 1.586387526997045549e+00 -1.045997171978112856e-03
5.160000000000000000e+02 1.580082465819645732e+00 -1.055737618760117097e-03
5.220000000000000000e+02 1.573718068167327733e+00 -1.065778543784352697e-03
5.280000000000000000e+02 1.567292483249644208e+00 -1.076136085922263551e-03
5.340000000000000000e+02 1.560803760370217175e+00 -1.086827345335962796e-03
5.400000000000000000e+02 1.554249841819332900e+00 -1.097871163810013560e-03
5.460000000000000000e+02 1.547628554204295348e+00 -1.109287137383364484e-03
5.520000000000000000e+02 1.540937598980136825e+00 -1.121097339291566783e-03
5.580000000000000000e+02 1.534174541808966508e+00 -1.133324995860078652e-03
5.640000000000000000e+02 1.527336802859875053e+00 -1.145995754686951517e-03
5.700000000000000000e+02 1.520421641500617538e+00 -1.159137243304981168e-03
5.760000000000000000e+02 1.513426143662956358e+00 -1.172779743023198186e-03
5.820000000000000000e+02 1.506347205458659744e+00 -1.186956374912067616e-03
5.880000000000000000e+02 1.499181515620881644e+00 -1.201703212237117567e-03
5.940000000000000000e+02 1.491925535509506906e+00 -1.217060005849807027e-03
6.000000000000000000e+02 1.484575476308338748e+00 -1.233070390289518975e-03
6.060000000000000000e+02 1.477127273781794425e+00 -1.249782769595210322e-03
6.120000000000000000e+02 1.469576558717291537e+00 -1.267250474397030270e-03
6.180000000000000000e+02 1.461918624428646840e+00 -1.285532650348925141e-03
6.240000000000000000e+02 1.454148389542550213e+00 -1.304695536359585465e-03
6.300000000000000000e+02 1.446260352796386650e+00 -1.324812735658067531e-03
6.360000000000000000e+02 1.438248544877935187e+00 -1.345966972614796300e-03
6.420000000000000000e+02 1.430106468839582146e+00 -1.368251681896159345e-03
6.480000000000000000e+02 1.421827033601586354e+00 -1.391771737473586085e-03
6.540000000000000000e+02 1.413402473722254138e+00 -1.416647254586634805e-03
6.600000000000000000e+02 1.404824257554256883e+00 -1.443014653728842819e-03
6.660000000000000000e+02 1.396082974065090410e+00 -1.471030584322112521e-03
6.720000000000000000e+02 1.387168202317679233e+00 -1.500876010162974141e-03
6.780000000000000000e+02 1.378068350803028475e+00 -1.532760710560693816e-03
6.840000000000000000e+02 1.368770468431366627e+00 -1.566930163567198430e-03
6.900000000000000000e+02 1.359260003766413094e+00 -1.603673078773425187e-03
6.960000000000000000e+02 1.349520516307916251e+00 -1.643332126289833144e-03
7.020000000000000000e+02 1.339533315648737233e+00 -1.686317893760344707e-03
7.080000000000000000e+02 1.329277003322023587e+00 -1.733126535792771676e-03
7.140000000000000000e+02 1.318726882340094830e+00 -1.784364635097921608e-03
7.200000000000000000e+02 1.307854204649497198e+00 -1.840782876722852311e-03
7.260000000000000000e+02 1.296625172305631679e+00 -1.903323723711447491e-03
7.320000000000000000e+02 1.284999592619045616e+00 -1.973188100282361260e-03
7.380000000000000000e+02 1.272929060320885819e+00 -2.051935755432786595e-03
7.440000000000000000e+02 1.260354363555328705e+00 -2.141636459633564429e-03
7.500000000000000000e+02 1.247201788894469532e+00 -2.245104416299088020e-03
7.560000000000000000e+02 1.233377586796817305e+00 -2.366284868153164991e-03
7.620000000000000000e+02 1.218759399421718737e+00 -2.510912698250366941e-03
7.680000000000000000e+02 1.203182279215725403e+00 -2.687715709591533778e-03
7.740000000000000000e+02 1.186414496506973615e+00 -2.910776355718653220e-03
7.800000000000000000e+02 1.168112045549245082e+00 -3.204665813210657438e-03
7.860000000000000000e+02 1.147723473598197597e+00 -3.617244477253466709e-03
7.920000000000000000e+02 1.124256603174984104e+00 -4.258783163904014853e-03
7.980000000000000000e+02 1.095532793219303525e+00 -5.470909373814084216e-03
8.040000000000000000e+02 1.053936067089629836e+00 -9.499014890264540975e-03
8.100000000000000000e+02 -1.998129870711206291e+00 6.677072944390735143e-04
8.160000000000000000e+02 -1.994116901648452123e+00 6.699529700727368999e-04
8.220000000000000000e+02 -1.990090384872644558e+00 6.722233099165445805e-04
8.280000000000000000e+02 -1.986050171048847179e+00 6.745187461217692221e-04
8.340000000000000000e+02 -1.981996108029366432e+00 6.768397287649696378e-04
8.400000000000000000e+02 -1.977928040745684735e+00 6.791868886599980448e-04
8.460000000000000000e+02 -1.973845811178979393e+00 6.815606671372726171e-04
8.520000000000000000e+02 -1.969749258258259639e+00 6.839614228678045403e-04
8.580000000000000000e+02 -1.965638217763118423e+00 6.863899192107994138e-04
8.640000000000000000e+02 -1.961512522262925717e+00 6.888465750426122801e-04
8.700000000000000000e+02 -1.957372001011544960e+00 6.913319043259384591e-04
8.760000000000000000e+02 -1.953216479863885580e+00 6.938466205418141386e-04
8.820000000000000000e+02 -1.949045781142411782e+00 6.963911744622685055e-04
8.880000000000000000e+02 -1.944859723613959313e+00 6.989662681560560378e-04
8.940000000000000000e+02 -1.940658122304399491e+00 7.015725675317716027e-04
9.000000000000000000e+02 -1.936440788440628058e+00 7.042105545791337365e-04
9.060000000000000000e+02 -1.932207529316247063e+00 7.068810534650468670e-04
9.120000000000000000e+02 -1.927958148179142572e+00 7.095846577006648462e-04
9.180000000000000000e+02 -1.923692444148964897e+00 7.123221402663423114e-04
9.240000000000000000e+02 -1.919410211991920967e+00 7.150942439040881100e-04
9.300000000000000000e+02 -1.915111242145238757e+00 7.179014871774074208e-04
9.360000000000000000e+02 -1.910795320442012279e+00 7.207449777787537388e-04
9.420000000000000000e+02 -1.906462228026895245e+00 7.236252081911147228e-04
9.480000000000000000e+02 -1.902111741190524619e+00 7.265433020915874895e-04
9.540000000000000000e+02 -1.897743631268984155e+00 7.294997093368328590e-04
9.600000000000000000e+02 -1.893357664426158715e+00 7.324956214611142314e-04
9.660000000000000000e+02 -1.888953601521771386e+00 7.355319264664922710e-04
9.720000000000000000e+02 -1.884531197931269553e+00 7.386093790278514112e-04
9.780000000000000000e+02 -1.880090203362897672e+00 7.417290157783586538e-04
9.840000000000000000e+02 -1.875630361641306143e+00 7.448919134486122352e-04
9.900000000000000000e+02 -1.871151410651071822e+00 7.480990580621444015e-04
9.960000000000000000e+02 -1.866653081920616852e+00 7.513513593999344379e-04
1.002000000000000000e+03 -1.862135100576036262e+00 7.546500608919777054e-04
1.008000000000000000e+03 -1.857597185038360799e+00 7.579962522703560107e-04
1.014000000000000000e+03 -1.853039046823887315e+00 7.613911537591207127e-04
1.020000000000000000e+03 -1.848460390300494804e+00 7.648358723830101825e-04
1.026000000000000000e+03 -1.843860912402582874e+00 7.683317676980373290e-04
1.032000000000000000e+03 -1.839240302498177382e+00 7.718802060123007135e-04
1.038000000000000000e+03 -1.834598241916584049e+00 7.754821653826889614e-04
1.044000000000000000e+03 -1.829934403768009865e+00 7.791395494675207268e-04
1.050000000000000000e+03 -1.825248452675411581e+00 7.828534921202303298e-04
1.056000000000000000e+03 -1.820540044305002381e+00 7.866255781205745224e-04
1.062000000000000000e+03 -1.815808825292654749e+00 7.904573186885829536e-04
1.068000000000000000e+03 -1.811054432612238196e+00 7.943503934855011090e-04
1.074000000000000000e+03 -1.806276493346240075e+00 7.983064409671408778e-04
1.080000000000000000e+03 -1.801474624423818449e+00 8.023271841848447078e-04
1.086000000000000000e+03 -1.796648431948022706e+00 8.064145591570203624e-04
1.092000000000000000e+03 -1.791797510976722352e+00 8.105703862219055178e-04
1.098000000000000000e+03 -1.786921445001765640e+00 8.147965597871262766e-04
1.104000000000000000e+03 -1.782019805480994590e+00 8.190952189856723050e-04
1.110000000000000000e+03 -1.777092151372920759e+00 8.234684273031009404e-04
1.116000000000000000e+03 -1.772138028576909496e+00 8.279184258675823796e-04
1.122000000000000000e+03 -1.767156969410009104e+00 8.324475710108292714e-04
1.128000000000000000e+03 -1.762148492007485467e+00 8.370582782350590237e-04
1.134000000000000000e+03 -1.757112099747116130e+00 8.417529410248362608e-04
1.140000000000000000e+03 -1.752047280587156530e+00 8.465343282208175188e-04
1.146000000000000000e+03 -1.746953506315503057e+00 8.514050617877504373e-04
1.152000000000000000e+03 -1.741830231948569008e+00 8.563681221173620505e-04
1.158000000000000000e+03 -1.736676894918335323e+00 8.614265001734583036e-04
1.164000000000000000e+03 -1.731492914188969223e+00 8.665833010018590514e-04
1.170000000000000000e+03 -1.726277689568583185e+00 8.718416884673506643e-04
1.176000000000000000e+03 -1.721030600521574971e+00 8.772052638822591848e-04
1.182000000000000000e+03 -1.715751005652349281e+00 8.826775903000747773e-04
1.188000000000000000e+03 -1.710438241156908568e+00 8.882624840240812463e-04
1.194000000000000000e+03 -1.705091619999025809e+00 8.939638482535145272e-04
1.200000000000000000e+03 -1.699710430857260146e+00 8.997858140367573322e-04
1.206000000000000000e+03 -1.694293936609936768e+00 9.057328922277980672e-04
1.212000000000000000e+03 -1.688841373188808115e+00 9.118096515176875349e-04
1.218000000000000000e+03 -1.683351948200848547e+00 9.180209198907749585e-04
1.224000000000000000e+03 -1.677824839224147047e+00 9.243718037394074976e-04
1.230000000000000000e+03 -1.672259192594920396e+00 9.308677222668765598e-04
1.236000000000000000e+03 -1.666654121172570502e+00 9.375143854548625500e-04
1.242000000000000000e+03 -1.661008702841310525e+00 9.443177431440538542e-04
1.248000000000000000e+03 -1.655321978396770310e+00 9.512840702610261042e-04
1.254000000000000000e+03 -1.649592949587536772e+00 9.584202633628824755e-04
1.260000000000000000e+03 -1.643820576485616192e+00 9.657333873342332413e-04
1.266000000000000000e+03 -1.638003775360488135e+00 9.732309763887862872e-04
1.272000000000000000e+03 -1.632141415886241065e+00 9.809208983667166634e-04
1.278000000000000000e+03 -1.626232318294878798e+00 9.888117709639654418e-04
1.284000000000000000e+03 -1.620275250125106759e+00 9.969126321379799538e-04
1.290000000000000000e+03 -1.614268923321959814e+00 1.005232914477382057e-03
1.296000000000000000e+03 -1.608211990119366552e+00 1.013783105966785348e-03
1.302000000000000000e+03 -1.602103039298883314e+00 1.022573924780138029e-03
1.308000000000000000e+03 -1.595940591992447866e+00 1.031617260629620614e-03
1.314000000000000000e+03 -1.589723096809222636e+00 1.040925305809355323e-03
1.320000000000000000e+03 -1.583448924954251824e+00 1.050511761266177116e-03
1.326000000000000000e+03 -1.577116364751719457e+00 1.060390579009794351e-03
1.332000000000000000e+03 -1.570723615344415292e+00 1.070577366146182024e-03
1.338000000000000000e+03 -1.564268780021282668e+00 1.081088645712865570e-03
1.344000000000000000e+03 -1.557749859221334354e+00 1.091942229393427907e-03
1.350000000000000000e+03 -1.551164742173744893e+00 1.103157294529822415e-03
1.356000000000000000e+03 -1.544511198265559493e+00 1.114754680390249051e-03
1.362000000000000000e+03 -1.537786867152798997e+00 1.126756948049479658e-03
1.368000000000000000e+03 -1.530989247709297008e+00 1.139188355924746670e-03
1.374000000000000000e+03 -1.524115686448983986e+00 1.152075310524571568e-03
1.380000000000000000e+03 -1.517163363967461764e+00 1.165447077456646793e-03
1.386000000000000000e+03 -1.510129279273763281e+00 1.179334748553639194e-03
1.392000000000000000e+03 -1.503010234190070182e+00 1.193773036372908127e-03
1.398000000000000000e+03 -1.495802813628759997e+00 1.208799638239852012e-03
1.404000000000000000e+03 -1.488503365518573096e+00 1.224456175617083444e-03
1.410000000000000000e+03 -1.481107975075992345e+00 1.240788272833756719e-03
1.416000000000000000e+03 -1.473612439767963522e+00 1.257846475664744969e-03
1.422000000000000000e+03 -1.466012236910832600e+00 1.275687086819850746e-03
1.428000000000000000e+03 -1.458302490020181752e+00 1.294372051172541262e-03
1.434000000000000000e+03 -1.450477927275593215e+00 1.313970980973320612e-03
1.440000000000000000e+03 -1.442532834890332349e+00 1.334561944683772131e-03
1.446000000000000000e+03 -1.434461005474293005e+00 1.356232045681561582e-03
1.452000000000000000e+03 -1.426255673687969905e+00 1.379080089784338794e-03
1.458000000000000000e+03 -1.417909444362350113e+00 1.403217611393034296e-03
1.464000000000000000e+03 -1.409414205018740152e+00 1.428772098942506560e-03
1.470000000000000000e+03 -1.400761029068520847e+00 1.455888653693780546e-03
1.476000000000000000e+03 -1.391940051723801641e+00 1.484735406831552652e-03
1.482000000000000000e+03 -1.382940327704698991e+00 1.515505410943444745e-03
1.488000000000000000e+03 -1.373749655052744156e+00 1.548424673509341465e-03
1.494000000000000000e+03 -1.364354368003501961e+00 1.583757595199693441e-03
1.500000000000000000e+03 -1.354739072759566509e+00 1.621816577150510643e-03
1.506000000000000000e+03 -1.344886327483395094e+00 1.662974037077689015e-03
1.512000000000000000e+03 -1.334776241298952781e+00 1.707678279528247788e-03
1.518000000000000000e+03 -1.324385955051143871e+00 1.756472801801693424e-03
1.524000000000000000e+03 -1.313688986672399972e+00 1.810027534385567991e-03
1.530000000000000000e+03 -1.302654370642750914e+00 1.869175437919063255e-03
1.536000000000000000e+03 -1.291245518039958462e+00 1.934969190144795017e-03
1.542000000000000000e+03 -1.279418660314526113e+00 2.008763138672618308e-03
1.548000000000000000e+03 -1.267120719210987678e+00 2.092332520113484532e-03
1.554000000000000000e+03 -1.254286262041577560e+00 2.188057701713757176e-03
1.560000000000000000e+03 -1.240833054559115078e+00 2.299221090213497427e-03
1.566000000000000000e+03 -1.226655295371008147e+00 2.430497597830443349e-03
1.572000000000000000e+03 -1.211612928501687225e+00 2.588821642365991826e-03
1.578000000000000000e+03 -1.195513755693543789e+00 2.785016411527121375e-03
1.584000000000000000e+03 -1.178081244989244603e+00 3.037143074874070446e-03
1.590000000000000000e+03 -1.158891436498773242e+00 3.378206897574178528e-03
1.596000000000000000e+03 -1.137231597918957116e+00 3.877070939322644228e-03
1.602000000000000000e+03 -1.111715770729113650e+00 4.711616505339407540e-03
1.608000000000000000e+03 -1.078782862532472020e+00 6.583847260865497916e-03
1.614000000000000000e+03 -1.009520556955686876e+00 4.507894943827953083e-02
1.620000000000000000e+03 1.996258125180414567e+00 -6.687526566841126832e-04
1.626000000000000000e+03 1.992238849839167658e+00 -6.710097431094819067e-04
1.632000000000000000e+03 1.988205957465478013e+00 -6.732917446401690941e-04
1.638000000000000000e+03 1.984159297368733421e+00 -6.755991277898682401e-04
1.644000000000000000e+03 1.980098716041217788e+00 -6.779322145909929924e-04
1.650000000000000000e+03 1.976024057060006722e+00 -6.802916958285487202e-04
1.656000000000000000e+03 1.971935160983150359e+00 -6.826780120714287482e-04
1.662000000000000000e+03 1.967831865267641867e+00 -6.850916818108415945e-04
1.668000000000000000e+03 1.963714004238434230e+00 -6.875332229989308905e-04
1.674000000000000000e+03 1.959581408912453915e+00 -6.900032237883247993e-04
1.680000000000000000e+03 1.955433906957755541e+00 -6.925021267075676199e-04
1.686000000000000000e+03 1.951271322598590929e+00 -6.950307538324153453e-04
1.692000000000000000e+03 1.947093476526829736e+00 -6.975895621403170209e-04
1.698000000000000000e+03 1.942900185758886789e+00 -7.001791079757404288e-04
1.704000000000000000e+03 1.938691263563019129e+00 -7.028001302348976884e-04
1.710000000000000000e+03 1.934466519334432588e+00 -7.054532379344286529e-04
1.716000000000000000e+03 1.930225758506503908e+00 -7.081390843661887220e-04
1.722000000000000000e+03 1.925968782419191561e+00 -7.108584231349138020e-04
1.728000000000000000e+03 1.921695388179017971e+00 -7.136119172282876346e-04
1.734000000000000000e+03 1.917405368545241462e+00 -7.164003596798466282e-04
1.740000000000000000e+03 1.913098511793366319e+00 -7.192244308084703563e-04
1.746000000000000000e+03 1.908774601597222009e+00 -7.220848875170828365e-04
1.752000000000000000e+03 1.904433416863752671e+00 -7.249827451805790184e-04
1.758000000000000000e+03 1.900074731599925348e+00 -7.279185405460484931e-04
1.764000000000000000e+03 1.895698314738495815e+00 -7.308934073633315811e-04
1.770000000000000000e+03 1.891303929982357523e+00 -7.339080053702666442e-04
1.776000000000000000e+03 1.886891335665514813e+00 -7.369634028766643054e-04
1.782000000000000000e+03 1.882460284517182947e+00 -7.400604345269865079e-04
1.788000000000000000e+03 1.878010523554396904e+00 -7.432001612062926312e-04
1.794000000000000000e+03 1.873541793837504965e+00 -7.463835675459025128e-04
1.800000000000000000e+03 1.869053830305819508e+00 -7.496115962318870667e-04
1.806000000000000000e+03 1.864546361527146257e+00 -7.528854350374707951e-04
1.812000000000000000e+03 1.860019109534340798e+00 -7.562061902735386140e-04
1.818000000000000000e+03 1.855471789537895599e+00 -7.595749447768850374e-04
1.824000000000000000e+03 1.850904109765993066e+00 -7.629929498812233627e-04
1.830000000000000000e+03 1.846315771141237905e+00 -7.664614354025524106e-04
1.836000000000000000e+03 1.841706467106433154e+00 -7.699816794487038827e-04
1.842000000000000000e+03 1.837075883274638333e+00 -7.735549227525650865e-04
1.848000000000000000e+03 1.832423697183941602e+00 -7.771827187090499158e-04
1.854000000000000000e+03 1.827749578050874790e+00 -7.808662503728224782e-04
1.860000000000000000e+03 1.823053186351514698e+00 -7.846070819384259789e-04
1.866000000000000000e+03 1.818334173555292033e+00 -7.884068261034190292e-04
1.872000000000000000e+03 1.813592181862931474e+00 -7.922670016277553670e-04
1.878000000000000000e+03 1.808826843688083885e+00 -7.961892636786089932e-04
1.884000000000000000e+03 1.804037781383590389e+00 -8.001753464828337183e-04
1.890000000000000000e+03 1.799224606883969235e+00 -8.042269695281250002e-04
1.896000000000000000e+03 1.794386921214351283e+00 -8.083460225390852244e-04
1.902000000000000000e+03 1.789524314074597777e+00 -8.125344077834689488e-04
1.908000000000000000e+03 1.784636363387712477e+00 -8.167942268584351675e-04
1.914000000000000000e+03 1.779722634855637198e+00 -8.211274048316656408e-04
1.920000000000000000e+03 1.774782681391629646e+00 -8.255362398852137762e-04
1.926000000000000000e+03 1.769816042618711949e+00 -8.300229364254411253e-04
1.932000000000000000e+03 1.764822244338155377e+00 -8.345898028811303418e-04
1.938000000000000000e+03 1.759800797836503783e+00 -8.392394144131953620e-04
1.944000000000000000e+03 1.754751199394182448e+00 -8.439741445897784577e-04
1.950000000000000000e+03 1.749672929531444376e+00 -8.487969832997867238e-04
1.956000000000000000e+03 1.744565452249897897e+00 -8.537104335371652978e-04
1.962000000000000000e+03 1.739428214498565550e+00 -8.587175810575933691e-04
1.968000000000000000e+03 1.734260645207268858e+00 -8.638214502601074870e-04
1.974000000000000000e+03 1.729062154477299940e+00 -8.690252160575039683e-04
1.980000000000000000e+03 1.723832132734642197e+00 -8.743323797157575520e-04
1.986000000000000000e+03 1.718569949807908781e+00 -8.797462769487352559e-04
1.992000000000000000e+03 1.713274953945363333e+00 -8.852705967568318427e-04
1.998000000000000000e+03 1.707946470703708419e+00 -8.909093429374637498e-04
2.004000000000000000e+03 1.702583801788705165e+00 -8.966665179163572181e-04
2.010000000000000000e+03 1.697186224066453253e+00 -9.025463110184142037e-04
2.016000000000000000e+03 1.691752987977534595e+00 -9.085534327080659793e-04
2.022000000000000000e+03 1.686283316467795057e+00 -9.146922906702261054e-04
2.028000000000000000e+03 1.680776403261227347e+00 -9.209680703884856037e-04
2.034000000000000000e+03 1.675231411559118699e+00 -9.273859874223794016e-04
2.040000000000000000e+03 1.669647472310751724e+00 -9.339515739168888697e-04
2.046000000000000000e+03 1.664023682261087655e+00 -9.406705575707223444e-04
2.052000000000000000e+03 1.658359102263354146e+00 -9.475492389204391011e-04
2.058000000000000000e+03 1.652652755032707699e+00 -9.545940524464483498e-04
2.064000000000000000e+03 1.646903623245530968e+00 -9.618118545340845768e-04
2.070000000000000000e+03 1.641110646942266493e+00 -9.692101020983502537e-04
2.076000000000000000e+03 1.635272720898457877e+00 -9.767964749590536851e-04
2.082000000000000000e+03 1.629388692047302412e+00 -9.845791430151339899e-04
2.088000000000000000e+03 1.623457356435911825e+00 -9.925668408121669176e-04
2.094000000000000000e+03 1.617477456208991304e+00 -1.000768940947118586e-03
2.100000000000000000e+03 1.611447675636769716e+00 -1.009195212444116176e-03
2.106000000000000000e+03 1.605366638023765224e+00 -1.017856373853732836e-03
2.112000000000000000e+03 1.599232901039175481e+00 -1.026763526820999349e-03
2.118000000000000000e+03 1.593044952727041164e+00 -1.035928896155364088e-03
2.124000000000000000e+03 1.586801206029227584e+00 -1.045365124888804950e-03
2.130000000000000000e+03 1.580499994385822893e+00 -1.055086321205601181e-03
2.136000000000000000e+03 1.574139565107049332e+00 -1.065106934558008797e-03
2.142000000000000000e+03 1.567718073553142633e+00 -1.075443046425867853e-03
2.148000000000000000e+03 1.561233575917169825e+00 -1.086111780198833121e-03
2.154000000000000000e+03 1.554684021634427538e+00 -1.097131668537375737e-03
2.160000000000000000e+03 1.548067245071895970e+00 -1.108522625986412252e-03
2.166000000000000000e+03 1.541380956753078513e+00 -1.120306068099292214e-03
2.172000000000000000e+03 1.534622731799113016e+00 -1.132505422933542368e-03
2.178000000000000000e+03 1.527789999625005501e+00 -1.145146201270056058e-03
2.184000000000000000e+03 1.520880030899132596e+00 -1.158255720824472772e-03
2.190000000000000000e+03 1.513889923419754702e+00 -1.171864171059848036e-03
2.196000000000000000e+03 1.506816586274158265e+00 -1.186004412313339772e-03
2.202000000000000000e+03 1.499656722760039917e+00 -1.200712525602295891e-03
2.208000000000000000e+03 1.492406809719287741e+00 -1.216027664036212035e-03
2.214000000000000000e+03 1.485063075821216660e+00 -1.231993851699560074e-03
2.220000000000000000e+03 1.477621475183506838e+00 -1.248658223200422267e-03
2.226000000000000000e+03 1.470077660158919164e+00 -1.266074260514589564e-03
2.232000000000000000e+03 1.462426947279704459e+00 -1.284300910384526600e-03
2.238000000000000000e+03 1.454664281234765655e+00 -1.303403516701338036e-03
2.244000000000000000e+03 1.446784190048681085e+00 -1.323455183955013189e-03
2.250000000000000000e+03 1.438780736838597640e+00 -1.344538346217530496e-03
2.256000000000000000e+03 1.430647461473365523e+00 -1.366745428351148978e-03
2.262000000000000000e+03 1.422377314300731443e+00 -1.390180524324599555e-03
2.268000000000000000e+03 1.413962577670886178e+00 -1.414962692974972838e-03
2.274000000000000000e+03 1.405394772550664140e+00 -1.441227240776831852e-03
2.280000000000000000e+03 1.396664549610560746e+00 -1.469129171800203195e-03
2.286000000000000000e+03 1.387761559515275467e+00 -1.498847853614762842e-03
2.292000000000000000e+03 1.378674294670152234e+00 -1.530591039617303344e-03
2.298000000000000000e+03 1.369389898688512464e+00 -1.564601407980997609e-03
2.304000000000000000e+03 1.359893934387470971e+00 -1.601164705216212005e-03
2.310000000000000000e+03 1.350170097073213338e+00 -1.640619687480004626e-03
2.316000000000000000e+03 1.340199856460630556e+00 -1.683372017735782281e-03
2.322000000000000000e+03 1.329962007732581553e+00 -1.729911239813504333e-03
2.328000000000000000e+03 1.319432095617183220e+00 -1.780835959451183359e-03
2.334000000000000000e+03 1.308581665318525600e+00 -1.836886111003900980e-03
2.340000000000000000e+03 1.297377288249159877e+00 -1.898989274683919723e-03
2.346000000000000000e+03 1.285779247620853383e+00 -1.968327132992331308e-03
2.352000000000000000e+03 1.273739739788538827e+00 -2.046432199021837577e-03
2.358000000000000000e+03 1.261200373812931375e+00 -2.135334044816494716e-03
2.364000000000000000e+03 1.248088535556426182e+00 -2.237787557517498509e-03
2.370000000000000000e+03 1.234312017908644199e+00 -2.357647929453205848e-03
2.376000000000000000e+03 1.219750692968944339e+00 -2.500502553768335374e-03
2.382000000000000000e+03 1.204243025157792468e+00 -2.674827358860392638e-03
2.388000000000000000e+03 1.187562775934777548e+00 -2.894237975212470698e-03
2.394000000000000000e+03 1.169375463090965850e+00 -3.182350744321773943e-03
2.400000000000000000e+03 1.149148109767115677e+00 -3.584769900658675915e-03
2.406000000000000000e+03 1.125930947571801122e+00 -4.205124356895530678e-03
2.412000000000000000e+03 1.097674486995683374e+00 -5.356031948647967285e-03
2.418000000000000000e+03 1.057575309788060691e+00 -8.915980121376494358e-03
2.424000000000000000e+03 -1.998396847606586979e+00 6.675585154764874032e-04
2.430000000000000000e+03 -1.994384776228907974e+00 6.698025331651792647e-04
2.436000000000000000e+03 -1.990359166962504922e+00 6.720712203123059385e-04
2.442000000000000000e+03 -1.986319870708446622e+00 6.743649386859144760e-04
2.448000000000000000e+03 -1.982266735485226139e+00 6.766843034880476145e-04
2.454000000000000000e+03 -1.978199606429789315e+00 6.790296359761589361e-04
2.460000000000000000e+03 -1.974118325727040046e+00 6.814015454950649074e-04
2.466000000000000000e+03 -1.970022732486191863e+00 6.838005886729416971e-04
2.472000000000000000e+03 -1.965912662729867533e+00 6.862271949221057741e-04
2.478000000000000000e+03 -1.961787949223561700e+00 6.886818710030220012e-04
2.484000000000000000e+03 -1.957648421451757104e+00 6.911653877496053058e-04
2.490000000000000000e+03 -1.953493905494872784e+00 6.936780648324362758e-04
2.496000000000000000e+03 -1.949324223919236765e+00 6.962206452995473027e-04
2.502000000000000000e+03 -1.945139195732626058e+00 6.987937118899263103e-04
2.508000000000000000e+03 -1.940938636202417911e+00 7.013979238763393435e-04
2.514000000000000000e+03 -1.936722356823264546e+00 7.040337783585895633e-04
2.520000000000000000e+03 -1.932490165146138139e+00 7.067020680608152548e-04
2.526000000000000000e+03 -1.928241864713641007e+00 7.094034753101623745e-04
2.532000000000000000e+03 -1.923977254887398569e+00 7.121386306139618379e-04
2.538000000000000000e+03 -1.919696130777723386e+00 7.149083286975956106e-04
2.544000000000000000e+03 -1.915398283064340346e+00 7.177133588744359508e-04
2.550000000000000000e+03 -1.911083497904280781e+00 7.205542865478778598e-04
2.556000000000000000e+03 -1.906751556766453914e+00 7.234321260494426748e-04
2.562000000000000000e+03 -1.902402236277694891e+00 7.263475082611451023e-04
2.568000000000000000e+03 -1.898035308107999697e+00 7.293014410850810194e-04
2.574000000000000000e+03 -1.893650538756700419e+00 7.322947087762767980e-04
2.580000000000000000e+03 -1.889247689456861057e+00 7.353282358989180660e-04
2.586000000000000000e+03 -1.884826515950172254e+00 7.384030181795104121e-04
2.592000000000000000e+03 -1.880386768343511594e+00 7.415197981097279914e-04
2.598000000000000000e+03 -1.875928190871755108e+00 7.446797886735054533e-04
2.604000000000000000e+03 -1.871450521748149853e+00 7.478838593816475181e-04
2.610000000000000000e+03 -1.866953492970837791e+00 7.511331651973013335e-04
2.616000000000000000e+03 -1.862436830015018252e+00 7.544286797806002125e-04
2.622000000000000000e+03 -1.857900251929654578e+00 7.577717277404601983e-04
2.628000000000000000e+03 -1.853343470630262502e+00 7.611633414503181372e-04
2.634000000000000000e+03 -1.848766190965791534e+00 7.646046996735462054e-04
2.640000000000000000e+03 -1.844168110376263270e+00 7.680971904850769595e-04
2.646000000000000000e+03 -1.839548918715768311e+00 7.716419877701636166e-04
2.652000000000000000e+03 -1.834908297851522763e+00 7.752404471797464227e-04
2.658000000000000000e+03 -1.830245921483096838e+00 7.788940311049165214e-04
2.664000000000000000e+03 -1.825561454758869662e+00 7.826041913897719814e-04
2.670000000000000000e+03 -1.820854554024273320e+00 7.863722689438446510e-04
2.676000000000000000e+03 -1.816124866427638151e+00 7.901999440989084271e-04
2.682000000000000000e+03 -1.811372029691856067e+00 7.940889834988209888e-04
2.688000000000000000e+03 -1.806595671607524878e+00 7.980407409683481709e-04
2.694000000000000000e+03 -1.801795409686355542e+00 8.020571503948762488e-04
2.700000000000000000e+03 -1.796970850810073683e+00 8.061399958089049411e-04
2.706000000000000000e+03 -1.792121590768850581e+00 8.102911815863841514e-04
2.712000000000000000e+03 -1.787247213865457374e+00 8.145126472258075456e-04
2.718000000000000000e+03 -1.782347292308836817e+00 8.188063828879218282e-04
2.724000000000000000e+03 -1.777421386012677296e+00 8.231746641571718349e-04
2.730000000000000000e+03 -1.772469041689178626e+00 8.276194177417948560e-04
2.736000000000000000e+03 -1.767489792583920583e+00 8.321432247714535433e-04
2.742000000000000000e+03 -1.762483157831119973e+00 8.367484042826033854e-04
2.748000000000000000e+03 -1.757448641759721930e+00 8.414374453498143190e-04
2.754000000000000000e+03 -1.752385733398869050e+00 8.462129903483500346e-04
2.760000000000000000e+03 -1.747293905654851320e+00 8.510776634442366109e-04
2.766000000000000000e+03 -1.742172614722715673e+00 8.560344629625980372e-04
2.772000000000000000e+03 -1.737021299153299836e+00 8.610863724665731569e-04
2.778000000000000000e+03 -1.731839379253975464e+00 8.662364336414381250e-04
2.784000000000000000e+03 -1.726626256045096452e+00 8.714880521044389428e-04
2.790000000000000000e+03 -1.721381310487819727e+00 8.768444900191680333e-04
2.796000000000000000e+03 -1.716103902461670438e+00 8.823093875629417666e-04
2.802000000000000000e+03 -1.710793369751541837e+00 8.878867147317362008e-04
2.808000000000000000e+03 -1.705449026955955905e+00 8.935800573579910167e-04
2.814000000000000000e+03 -1.700070164311136667e+00 8.993939546328064659e-04
2.820000000000000000e+03 -1.694656046472311939e+00 9.053326952032901293e-04
2.826000000000000000e+03 -1.689205911290085682e+00 9.114005775016629542e-04
2.832000000000000000e+03 -1.683718968244996006e+00 9.176026496385555160e-04
2.838000000000000000e+03 -1.678194397118316417e+00 9.239441592301303853e-04
2.844000000000000000e+03 -1.672631346170414091e+00 9.304302633297001617e-04
2.850000000000000000e+03 -1.667028930647981300e+00 9.370665942311030882e-04
2.856000000000000000e+03 -1.661386230779889672e+00 9.438593206098829522e-04
2.862000000000000000e+03 -1.655702289974366304e+00 9.508146854211675441e-04
2.868000000000000000e+03 -1.649976112514274673e+00 9.579392666312737999e-04
2.874000000000000000e+03 -1.644206661444911566e+00 9.652402801136248083e-04
2.880000000000000000e+03 -1.638392855973021422e+00 9.727252633221845001e-04
2.886000000000000000e+03 -1.632533568988510098e+00 9.804022642428157890e-04
2.892000000000000000e+03 -1.626627624075000389e+00 9.882793673775976378e-04
2.898000000000000000e+03 -1.620673792555726411e+00 9.963659653585399921e-04
2.904000000000000000e+03 -1.614670789924010696e+00 1.004671298206197749e-03
2.910000000000000000e+03 -1.608617272712010049e+00 1.013205931030518401e-03
2.916000000000000000e+03 -1.602511833885555292e+00 1.021980413422874301e-03
2.922000000000000000e+03 -1.596352999405095785e+00 1.031006446943788079e-03
2.928000000000000000e+03 -1.590139222781299599e+00 1.040296473189936469e-03
2.934000000000000000e+03 -1.583868880688793723e+00 1.049863868296891474e-03
2.940000000000000000e+03 -1.577540266997435436e+00 1.059722768900054441e-03
2.946000000000000000e+03 -1.571151586944002920e+00 1.069888562253315696e-03
2.952000000000000000e+03 -1.564700950371124000e+00 1.080377742432947572e-03
2.958000000000000000e+03 -1.558186365051651867e+00 1.091207826049185505e-03
2.964000000000000000e+03 -1.551605727727399797e+00 1.102398332801248675e-03
2.970000000000000000e+03 -1.544956816190163451e+00 1.113969532686098600e-03
2.976000000000000000e+03 -1.538237279007081293e+00 1.125943917194404320e-03
2.982000000000000000e+03 -1.531444624901262763e+00 1.138345889241759463e-03
2.988000000000000000e+03 -1.524576210809634569e+00 1.151201748206797000e-03
2.994000000000000000e+03 -1.517629228723821999e+00 1.164540221136790453e-03
3.000000000000000000e+03 -1.510600690522672762e+00 1.178392566000560767e-03
