0.000000000000000000e+00 2.000000000000000000e+00 0.000000000000000000e+00
6.000000000000000000e+00 1.995993327045678445e+00 5.706070882250176713e-04
1.200000000000000000e+01 1.991972246005256242e+00 3.895271672973446564e-03
1.800000000000000000e+01 1.987938748166322211e+00 3.621912061439748823e-03
2.400000000000000000e+01 1.983888958688632131e+00 1.077304004872677370e-02
3.000000000000000000e+01 1.979832154636837815e+00 -2.364352458520672072e-03
3.600000000000000000e+01 1.975757610844024681e+00 -4.748652116511944965e-03
4.200000000000000000e+01 1.971668951373390266e+00 -7.470719619241023707e-03
4.800000000000000000e+01 1.967563704053308049e+00 -3.903055259808987584e-03
5.400000000000000000e+01 1.963445543119412662e+00 -5.100889368001047114e-03
6.000000000000000000e+01 1.959310902934216836e+00 -1.353627639696308770e-03
6.600000000000000000e+01 1.955162701473960096e+00 -1.462675615219905922e-03
7.200000000000000000e+01 1.950999550195288368e+00 -2.001752528989851794e-03
7.800000000000000000e+01 1.946820726468448060e+00 -1.398569696902218339e-03
8.400000000000000000e+01 1.942626112712108055e+00 1.232853440329673665e-04
9.000000000000000000e+01 1.938418017413078731e+00 -4.241676402573800464e-03
9.600000000000000000e+01 1.934194403284558605e+00 -9.476562603593799081e-03
1.020000000000000000e+02 1.929951215889854632e+00 -5.012038982106839340e-03
1.080000000000000000e+02 1.925690572003311285e+00 2.729598567404565787e-03
1.140000000000000000e+02 1.921420884547823116e+00 -9.492715549792710150e-03
1.200000000000000000e+02 1.917123999249997768e+00 6.691120264356715391e-03
1.260000000000000000e+02 1.912817003915795233e+00 4.761993877776044513e-03
1.320000000000000000e+02 1.908495448666600369e+00 -3.742806966588535338e-03
1.380000000000000000e+02 1.904154123593733372e+00 -5.636833724807221134e-03
1.440000000000000000e+02 1.899792606357924019e+00 -4.389393720335135404e-04
1.500000000000000000e+02 1.895415300107747392e+00 -4.527371434405519021e-04
1.560000000000000000e+02 1.891021267155990726e+00 -3.697822340487701316e-03
1.620000000000000000e+02 1.886599984707771904e+00 1.621994057468051365e-02
1.680000000000000000e+02 1.882174395135834066e+00 -1.180058199666718377e-04
1.740000000000000000e+02 1.877723468153374098e+00 4.386578897560902690e-04
1.800000000000000000e+02 1.873252615910120378e+00 3.374029633218305659e-03
1.860000000000000000e+02 1.868759198818193745e+00 1.453349890961014475e-02
1.920000000000000000e+02 1.864257208236960839e+00 -1.561763755528405764e-03
1.980000000000000000e+02 1.859729369331383442e+00 -2.548275453958911280e-03
2.040000000000000000e+02 1.855181720715748384e+00 -4.196034213892092801e-03
2.100000000000000000e+02 1.850612792998622469e+00 -3.600730380781290083e-03
2.160000000000000000e+02 1.846025062026042107e+00 -7.530542277005836116e-03
2.220000000000000000e+02 1.841411941280997944e+00 -8.559831244688616975e-04
2.280000000000000000e+02 1.836777630912215464e+00 5.470454221790888201e-03
2.340000000000000000e+02 1.832126246156099425e+00 1.009896875137884613e-03
2.400000000000000000e+02 1.827450658906502490e+00 1.878054875698760562e-03
2.460000000000000000e+02 1.822755970023789862e+00 -4.681132291866780051e-03
2.520000000000000000e+02 1.818033185707294441e+00 1.427799706764811168e-03
2.580000000000000000e+02 1.813291605952916496e+00 -2.158880752083391398e-03
2.640000000000000000e+02 1.808523308514528249e+00 1.933909695319594585e-03
2.700000000000000000e+02 1.803733012383091916e+00 2.017745217568445507e-03
2.760000000000000000e+02 1.798918262977510896e+00 2.862742714374704942e-03
2.820000000000000000e+02 1.794080124040756896e+00 1.129098129702089384e-03
2.880000000000000000e+02 1.789218519266498442e+00 -3.831703117357798932e-03
2.940000000000000000e+02 1.784328774251316752e+00 -2.648724014783793417e-03
3.000000000000000000e+02 1.779413978166519250e+00 -3.100978437605796979e-03
3.060000000000000000e+02 1.774473051195116335e+00 -3.761099732586466703e-03
3.120000000000000000e+02 1.769504210543451972e+00 -1.860897834791859148e-03
3.180000000000000000e+02 1.764507418286746843e+00 1.625203803835317731e-03
3.240000000000000000e+02 1.759484996152330449e+00 7.528954948188698593e-04
3.300000000000000000e+02 1.754435180150221818e+00 -1.701300982176544730e-03
3.360000000000000000e+02 1.749357714314354606e+00 -6.289964305836909936e-03
3.420000000000000000e+02 1.744244375191705831e+00 2.760549353748948265e-03
3.480000000000000000e+02 1.739109336159354591e+00 -4.733565479273862259e-03
3.540000000000000000e+02 1.733940434966362520e+00 -5.042835216451057451e-03
3.600000000000000000e+02 1.728739454452653090e+00 -3.092893169900690943e-03
3.660000000000000000e+02 1.723508188338013891e+00 -3.716771756957329073e-03
3.720000000000000000e+02 1.718247663674114190e+00 -1.004818154302692355e-02
3.780000000000000000e+02 1.712943525250997245e+00 4.617953417856040729e-03
3.840000000000000000e+02 1.707613660573765735e+00 4.035913696390348512e-03
3.900000000000000000e+02 1.702250511225444907e+00 1.679061512003916616e-03
3.960000000000000000e+02 1.696852888967737449e+00 -1.500004548091029687e-03
4.020000000000000000e+02 1.691420949042861777e+00 -7.205387809253116504e-03
4.080000000000000000e+02 1.685947877531212669e+00 -4.223668056753239128e-03
4.140000000000000000e+02 1.680434824514664083e+00 3.678048268272647754e-03
4.200000000000000000e+02 1.674889111683311338e+00 1.530103953536284542e-03
4.260000000000000000e+02 1.669305854840282599e+00 -3.172358703965788562e-03
4.320000000000000000e+02 1.663679249254028214e+00 -1.648532111056769979e-03
4.380000000000000000e+02 1.658015545916387445e+00 -6.719932289223655084e-03
4.440000000000000000e+02 1.652299594537563143e+00 6.377516864667027822e-03
4.500000000000000000e+02 1.646554330595048965e+00 -3.974223816081465244e-03
4.560000000000000000e+02 1.640754928782009348e+00 3.349150280386924139e-03
4.620000000000000000e+02 1.634914289989018110e+00 4.114167675127755955e-03
4.680000000000000000e+02 1.629024987588851614e+00 8.987061028209425428e-03
4.740000000000000000e+02 1.623098820474190296e+00 -3.418752236618894779e-03
4.800000000000000000e+02 1.617113422460932703e+00 1.598996664038157241e-03
4.860000000000000000e+02 1.611084452911714981e+00 -3.661700170448346781e-03
4.920000000000000000e+02 1.604993324123547893e+00 8.287046495923613976e-03
4.980000000000000000e+02 1.598861090869088342e+00 1.773089161820395887e-03
5.040000000000000000e+02 1.592675464049278400e+00 -5.956108898123829536e-03
5.100000000000000000e+02 1.586424786962022493e+00 4.395257101240390707e-04
5.160000000000000000e+02 1.580123301594999807e+00 -3.428797975149566052e-03
5.220000000000000000e+02 1.573754665353134685e+00 4.379015315305925457e-03
5.280000000000000000e+02 1.567333334961563018e+00 -2.605050493049753182e-04
5.340000000000000000e+02 1.560849346968367746e+00 -5.480111255337742453e-03
5.400000000000000000e+02 1.554286206234429812e+00 9.268564133434093605e-03
5.460000000000000000e+02 1.547677021108576856e+00 -6.098717240259977738e-03
5.520000000000000000e+02 1.540978865399944997e+00 5.556031915449542030e-03
5.580000000000000000e+02 1.534231504151008840e+00 -1.406777872532944187e-02
5.640000000000000000e+02 1.527377957273821307e+00 8.965242539280047704e-03
5.700000000000000000e+02 1.520470285284778011e+00 7.700969320581278971e-04
5.760000000000000000e+02 1.513475881191095107e+00 1.190159243274450159e-03
5.820000000000000000e+02 1.506397441349730970e+00 2.417602052836531189e-03
5.880000000000000000e+02 1.499237042336431402e+00 -2.327172468087313449e-03
5.940000000000000000e+02 1.491981999174677886e+00 -1.492736254430600436e-03
6.000000000000000000e+02 1.484635268866825619e+00 -3.465006185931115198e-03
6.060000000000000000e+02 1.477184574214813528e+00 1.596211911535213787e-03
6.120000000000000000e+02 1.469636650500553365e+00 4.141322737265409979e-04
6.180000000000000000e+02 1.461980391525788514e+00 6.432311245413539769e-04
6.240000000000000000e+02 1.454217170141168136e+00 -4.977265977862632695e-03
6.300000000000000000e+02 1.446334002290890375e+00 -7.921873251649450692e-03
6.360000000000000000e+02 1.438317563932532295e+00 -4.399334399545367681e-04
6.420000000000000000e+02 1.430180628535366649e+00 -3.395422604293719601e-03
6.480000000000000000e+02 1.421912683567432945e+00 -1.254636117424023922e-02
6.540000000000000000e+02 1.413490916249450002e+00 -1.240567825507327832e-02
6.600000000000000000e+02 1.404906868678443610e+00 -3.759222922472981246e-03
6.660000000000000000e+02 1.396162299162341691e+00 2.197567573950169606e-03
6.720000000000000000e+02 1.387256897266114342e+00 -3.619466183783495803e-03
6.780000000000000000e+02 1.378162488333037006e+00 -5.432301136828962713e-03
6.840000000000000000e+02 1.368862853089919618e+00 -6.347334090042455745e-04
6.900000000000000000e+02 1.359349289259741189e+00 5.293835232243956912e-03
6.960000000000000000e+02 1.349626231488413319e+00 -5.021319127703200227e-03
7.020000000000000000e+02 1.339642830220665548e+00 -4.252390142510061033e-03
7.080000000000000000e+02 1.329385965137771075e+00 6.516037484166105342e-05
7.140000000000000000e+02 1.318834156511732969e+00 5.234301068809225042e-03
7.200000000000000000e+02 1.307980959806532173e+00 -4.582676678876203454e-03
7.260000000000000000e+02 1.296752868312175400e+00 -5.933624536156069385e-04
7.320000000000000000e+02 1.285144980474267840e+00 -7.289529074322909259e-03
7.380000000000000000e+02 1.273075149502647552e+00 -2.257943799451682040e-03
7.440000000000000000e+02 1.260507247698348765e+00 -6.098353345741444088e-04
7.500000000000000000e+02 1.247365697938155771e+00 -7.276001239376866242e-04
7.560000000000000000e+02 1.233555487968184927e+00 -1.436713511577607152e-03
7.620000000000000000e+02 1.218967911934687676e+00 -8.955647141411433518e-03
7.680000000000000000e+02 1.203402870988338869e+00 -5.423986486794484495e-03
7.740000000000000000e+02 1.186662602376949760e+00 -6.684446066073566027e-03
7.800000000000000000e+02 1.168392127849059881e+00 -6.596947602455196548e-03
7.860000000000000000e+02 1.148036167986548062e+00 -2.638763202941142756e-03
7.920000000000000000e+02 1.124645573857078196e+00 -5.362376172870323386e-03
7.980000000000000000e+02 1.096028059057130744e+00 -1.581525263012924449e-03
8.040000000000000000e+02 1.054870397510863533e+00 -1.005506117679625007e-02
8.100000000000000000e+02 -1.935668213557651507e+00 5.255698309033451227e-03
8.160000000000000000e+02 -1.931431755393067329e+00 3.794768721067142640e-03
8.220000000000000000e+02 -1.927176063625729574e+00 -5.955453924444325219e-03
8.280000000000000000e+02 -1.922909228223584455e+00 -1.512932489072114873e-03
8.340000000000000000e+02 -1.918624443506254496e+00 -8.671520788008646452e-04
8.400000000000000000e+02 -1.914324043135181785e+00 2.865547865468778214e-03
8.460000000000000000e+02 -1.910005844239062611e+00 4.407790359398818837e-03
8.520000000000000000e+02 -1.905669620871951686e+00 3.761140354458280058e-03
8.580000000000000000e+02 -1.901315525801716699e+00 2.006502821087846437e-03
8.640000000000000000e+02 -1.896945288013152098e+00 4.224014774828891913e-03
8.700000000000000000e+02 -1.892556479419361448e+00 4.672462815481784153e-03
8.760000000000000000e+02 -1.888148289233009924e+00 1.927093733983497193e-03
8.820000000000000000e+02 -1.883723608021540263e+00 4.025745904554129360e-03
8.880000000000000000e+02 -1.879277440886552020e+00 -1.121562174135901872e-03
8.940000000000000000e+02 -1.874818391834283338e+00 8.861478855601496660e-03
9.000000000000000000e+02 -1.870332245930457216e+00 -1.099483086351467701e-03
9.060000000000000000e+02 -1.865829340191365260e+00 -4.314680171890279345e-03
9.120000000000000000e+02 -1.861310223218447302e+00 1.102359701508237588e-03
9.180000000000000000e+02 -1.856769772190962398e+00 3.157006756748509738e-03
9.240000000000000000e+02 -1.852209602037461211e+00 6.497226642059129864e-03
9.300000000000000000e+02 -1.847626209950236520e+00 3.411713045460469836e-03
9.360000000000000000e+02 -1.843021705130836185e+00 -2.049354586777332211e-04
9.420000000000000000e+02 -1.838397341509487193e+00 -6.416239756804583208e-04
9.480000000000000000e+02 -1.833752756563497011e+00 1.990562419856763479e-03
9.540000000000000000e+02 -1.829080866918242343e+00 -8.257861793866847280e-03
9.600000000000000000e+02 -1.824396203419601958e+00 3.510501879535608046e-03
9.660000000000000000e+02 -1.819685397146471928e+00 6.731071527029685447e-03
9.720000000000000000e+02 -1.814948813810723927e+00 3.218794671927315519e-03
9.780000000000000000e+02 -1.810190555707241744e+00 3.290901766822851033e-03
9.840000000000000000e+02 -1.805410012796308195e+00 6.396653912132064732e-03
9.900000000000000000e+02 -1.800602700143067780e+00 3.188847427549439291e-03
9.960000000000000000e+02 -1.795767436744019063e+00 -7.871687715844835273e-03
1.002000000000000000e+03 -1.790916577300241341e+00 1.559675607545489562e-03
1.008000000000000000e+03 -1.786035240536775204e+00 -6.963598638117607462e-04
1.014000000000000000e+03 -1.781130969684929122e+00 2.993261394801631156e-03
1.020000000000000000e+03 -1.776199100011209842e+00 3.378278231983973881e-03
1.026000000000000000e+03 -1.771234581083483306e+00 -9.286493564179418292e-03
1.032000000000000000e+03 -1.766255221936999797e+00 4.052307870447954818e-03
1.038000000000000000e+03 -1.761244201343856508e+00 8.406541408880984639e-03
1.044000000000000000e+03 -1.756201515677422442e+00 5.060058503042789806e-03
1.050000000000000000e+03 -1.751131548743940058e+00 4.306443564394455727e-03
1.056000000000000000e+03 -1.746033414940865391e+00 5.200501289020306554e-03
1.062000000000000000e+03 -1.740903003327122667e+00 8.137577731988924123e-04
1.068000000000000000e+03 -1.735746556808699381e+00 4.794433465442476949e-03
1.074000000000000000e+03 -1.730554006006935319e+00 -2.016074050293010719e-03
1.080000000000000000e+03 -1.725331799502003438e+00 -5.337977299588759009e-03
1.086000000000000000e+03 -1.720083689742425870e+00 3.258363631056053131e-03
1.092000000000000000e+03 -1.714795899338428908e+00 -1.998309602209522029e-03
1.098000000000000000e+03 -1.709477542723951249e+00 -1.937735664141084467e-03
1.104000000000000000e+03 -1.704127729714955519e+00 2.925407243264038781e-03
1.110000000000000000e+03 -1.698737197655997733e+00 -3.697072921004866588e-03
1.116000000000000000e+03 -1.693318008432204813e+00 2.486693147094098943e-03
1.122000000000000000e+03 -1.687859886447501623e+00 3.478863780457816437e-03
1.128000000000000000e+03 -1.682358347215463956e+00 -7.278260739669623232e-03
1.134000000000000000e+03 -1.676831854093235874e+00 5.434458901803950609e-03
1.140000000000000000e+03 -1.671255713895756889e+00 -1.768822849349655467e-03
1.146000000000000000e+03 -1.665642251464611423e+00 -4.787972661152386025e-03
1.152000000000000000e+03 -1.659994834432221733e+00 3.772297483685892530e-03
1.158000000000000000e+03 -1.654299081946116079e+00 2.255030697756489622e-04
1.164000000000000000e+03 -1.648564049032782419e+00 2.233749514392802376e-03
1.170000000000000000e+03 -1.642778545632957776e+00 -7.632064265543163882e-03
1.176000000000000000e+03 -1.636956091973494010e+00 -4.407743567362617382e-03
1.182000000000000000e+03 -1.631088069166424681e+00 -9.714531059622786083e-04
1.188000000000000000e+03 -1.625174014238657483e+00 3.910942987368444534e-03
1.194000000000000000e+03 -1.619208826783617328e+00 3.893266486609874184e-03
1.200000000000000000e+03 -1.613191876564519234e+00 2.049150989666089547e-04
1.206000000000000000e+03 -1.607126398444754134e+00 2.706183071280359245e-04
1.212000000000000000e+03 -1.601015918936719462e+00 1.166276030198663653e-02
1.218000000000000000e+03 -1.594839322749341592e+00 3.674271710262532169e-03
1.224000000000000000e+03 -1.588612210702808669e+00 3.238698176419730745e-03
1.230000000000000000e+03 -1.582321911795751879e+00 -6.631222079715756550e-03
1.236000000000000000e+03 -1.575986108172793498e+00 3.348573624926863383e-03
1.242000000000000000e+03 -1.569579949287987386e+00 -1.375477948992960553e-03
1.248000000000000000e+03 -1.563116250293290488e+00 1.094792825222537253e-03
1.254000000000000000e+03 -1.556591192033882631e+00 7.852155343957429798e-03
1.260000000000000000e+03 -1.549998527701716089e+00 1.293639346688635339e-02
1.266000000000000000e+03 -1.543319954513476588e+00 -5.745433146748942302e-03
1.272000000000000000e+03 -1.536583476025549455e+00 -5.772848611170568710e-03
1.278000000000000000e+03 -1.529773032344922123e+00 -6.149169635778062477e-03
1.284000000000000000e+03 -1.522892771444919635e+00 2.142005525124730803e-03
1.290000000000000000e+03 -1.515932472927074892e+00 9.177398534489998941e-03
1.296000000000000000e+03 -1.508877824295729031e+00 5.788527142757738699e-04
1.302000000000000000e+03 -1.501741461456296722e+00 -2.957155822938672442e-03
1.308000000000000000e+03 -1.494523428794348074e+00 2.625312193959157634e-03
1.314000000000000000e+03 -1.487204994732388874e+00 -1.378041305309706324e-03
1.320000000000000000e+03 -1.479792360893811054e+00 -2.370145194069132009e-03
1.326000000000000000e+03 -1.472283395013382679e+00 1.996797642903464214e-03
1.332000000000000000e+03 -1.464656179303660544e+00 -8.528523124800558436e-03
1.338000000000000000e+03 -1.456934402218943658e+00 -8.179122296134450770e-04
1.344000000000000000e+03 -1.449088950184751923e+00 -2.139103085216163391e-03
1.350000000000000000e+03 -1.441126989232644817e+00 2.020586286512289151e-03
1.356000000000000000e+03 -1.433028061065896752e+00 -3.630143544630162755e-03
1.362000000000000000e+03 -1.424808088819294216e+00 5.034944794825055997e-03
1.368000000000000000e+03 -1.416437397309481039e+00 4.686851777734853640e-03
1.374000000000000000e+03 -1.407910733959004901e+00 -1.085029259330466331e-03
1.380000000000000000e+03 -1.399232640195346766e+00 1.174678415674180153e-03
1.386000000000000000e+03 -1.390380766367801169e+00 -6.177195346427690479e-04
1.392000000000000000e+03 -1.381357559472106367e+00 6.175054657674322253e-03
1.398000000000000000e+03 -1.372127766831675810e+00 6.942096028802122176e-04
1.404000000000000000e+03 -1.362703700571620491e+00 6.489187639508483922e-03
1.410000000000000000e+03 -1.353048896575522742e+00 5.273991960196345620e-03
1.416000000000000000e+03 -1.343136481079429068e+00 -9.600077387336725457e-03
1.422000000000000000e+03 -1.332982246474479826e+00 -8.575464313391133880e-03
1.428000000000000000e+03 -1.322558763140762261e+00 3.639957217642157423e-03
1.434000000000000000e+03 -1.311804355295624669e+00 9.892783123824225658e-04
1.440000000000000000e+03 -1.300711736856840162e+00 2.079365120611267187e-03
1.446000000000000000e+03 -1.289241619700624453e+00 5.320957450420229183e-03
1.452000000000000000e+03 -1.277332271792175344e+00 8.700341750035762989e-05
1.458000000000000000e+03 -1.264959478733944653e+00 5.903461962374210309e-03
1.464000000000000000e+03 -1.252029039097706242e+00 6.025628349641968043e-03
1.470000000000000000e+03 -1.238447072594967002e+00 -2.900426712326909483e-03
1.476000000000000000e+03 -1.224137705333351978e+00 -1.857571623378984418e-03
1.482000000000000000e+03 -1.208945657861586698e+00 3.486968454604376291e-03
1.488000000000000000e+03 -1.192645265713287772e+00 2.753527195271576224e-03
1.494000000000000000e+03 -1.174954217046416449e+00 2.430106008532330678e-03
1.500000000000000000e+03 -1.155402585232590651e+00 -1.293211924586742945e-03
1.506000000000000000e+03 -1.133239071509475560e+00 3.262016186520997826e-03
1.512000000000000000e+03 -1.106863260253556192e+00 8.177347254579239375e-03
1.518000000000000000e+03 -1.071837990544842079e+00 4.289359938230570025e-03
1.524000000000000000e+03 2.045630829285066454e+00 -4.047649199337696041e-03
1.530000000000000000e+03 2.041769068911012397e+00 2.046737723462485961e-03
1.536000000000000000e+03 2.037895983490303653e+00 6.151462674400977673e-03
1.542000000000000000e+03 2.034015423538083400e+00 -4.174638605434764435e-03
1.548000000000000000e+03 2.030118805368106294e+00 -2.292219028871708697e-03
1.554000000000000000e+03 2.026210501232406536e+00 -2.355071837451682901e-03
1.560000000000000000e+03 2.022288104995097591e+00 2.707669809274957165e-03
1.566000000000000000e+03 2.018355506765353358e+00 4.969281764790488189e-04
1.572000000000000000e+03 2.014410321623608446e+00 -2.041404158267771420e-03
1.578000000000000000e+03 2.010452673125248779e+00 -5.642905283088185849e-03
1.584000000000000000e+03 2.006479419718698143e+00 -1.222885490307268471e-03
1.590000000000000000e+03 2.002494771793290163e+00 -1.983573156668283141e-03
1.596000000000000000e+03 1.998488592041390399e+00 2.209341545656321251e-02
1.602000000000000000e+03 1.994485572419307351e+00 -3.363257968183502259e-03
1.608000000000000000e+03 1.990460333445110974e+00 -2.818964119128106877e-03
1.614000000000000000e+03 1.986422081212411594e+00 -4.240826383658927168e-03
1.620000000000000000e+03 1.982366903542159164e+00 3.409752090952982827e-03
1.626000000000000000e+03 1.978301363159752135e+00 4.077814481169748061e-04
1.632000000000000000e+03 1.974221506429244322e+00 -2.050116723099565733e-03
1.638000000000000000e+03 1.970125391307839591e+00 1.140097300946756303e-03
1.644000000000000000e+03 1.966017000521407043e+00 -1.990696028061929648e-03
1.650000000000000000e+03 1.961891425064799854e+00 2.174429658069096469e-03
1.656000000000000000e+03 1.957752684420835720e+00 1.645167439385434400e-03
1.662000000000000000e+03 1.953602467638154261e+00 -8.750833118627225626e-03
1.668000000000000000e+03 1.949431896313911672e+00 -4.475265009309203554e-03
1.674000000000000000e+03 1.945245793187111660e+00 2.796837078084309786e-04
1.680000000000000000e+03 1.941048493009435827e+00 -6.986406789657089410e-03
1.686000000000000000e+03 1.936829628008597481e+00 1.938696262323007236e-03
1.692000000000000000e+03 1.932598505367119968e+00 7.690757565752433505e-04
1.698000000000000000e+03 1.928352083803784422e+00 -2.555581024214463245e-03
1.704000000000000000e+03 1.924084071203647328e+00 8.458939776267219296e-03
1.710000000000000000e+03 1.919806571500546122e+00 4.860094344847562531e-04
1.716000000000000000e+03 1.915509209222684861e+00 1.011358937620570123e-03
1.722000000000000000e+03 1.911196675067724726e+00 -3.126992433798733359e-03
1.728000000000000000e+03 1.906864219929667481e+00 9.503290873895961846e-05
1.734000000000000000e+03 1.902519135843081743e+00 -9.148175147447800207e-03
1.740000000000000000e+03 1.898151423460659348e+00 -5.155734106045205961e-03
1.746000000000000000e+03 1.893770487459051521e+00 -1.315909059783502630e-02
1.752000000000000000e+03 1.889365248074678982e+00 -5.037674739984113713e-03
1.758000000000000000e+03 1.884941401264007110e+00 3.743152430326667120e-03
1.764000000000000000e+03 1.880503902712294284e+00 -5.250264300239466247e-05
1.770000000000000000e+03 1.876047224074170128e+00 -2.878293323909212904e-03
1.776000000000000000e+03 1.871569710195725600e+00 -1.292223640914166687e-03
1.782000000000000000e+03 1.867071977763272717e+00 2.449336468777856685e-03
1.788000000000000000e+03 1.862557149532161116e+00 -8.898048729486830732e-05
1.794000000000000000e+03 1.858020727589180243e+00 1.535463494928150478e-03
1.800000000000000000e+03 1.853464328207744982e+00 2.610300233213562471e-03
1.806000000000000000e+03 1.848889619358214054e+00 -1.530838720886151631e-03
1.812000000000000000e+03 1.844292421932454795e+00 -1.568691397310138010e-03
1.818000000000000000e+03 1.839673697686420972e+00 -5.902688462995821922e-04
1.824000000000000000e+03 1.835034680756663095e+00 -2.292264031755858814e-03
1.830000000000000000e+03 1.830373594806007587e+00 -3.203428931501234138e-03
1.836000000000000000e+03 1.825686591273807169e+00 4.862388093829117693e-03
1.842000000000000000e+03 1.820982701026663708e+00 -9.505716845523842773e-06
1.848000000000000000e+03 1.816252793508826624e+00 2.686599175837345137e-03
1.854000000000000000e+03 1.811499183434148508e+00 6.613451467634274411e-03
1.860000000000000000e+03 1.806727200419985246e+00 -1.124996028138548418e-03
1.866000000000000000e+03 1.801929064526584634e+00 -3.653333943187443873e-03
1.872000000000000000e+03 1.797105672240812302e+00 -3.946635321535232888e-03
1.878000000000000000e+03 1.792266494872039262e+00 -2.395993552046652916e-02
1.884000000000000000e+03 1.787384579427015785e+00 -4.942187876978979683e-03
1.890000000000000000e+03 1.782483328383439813e+00 3.116729300064388641e-04
1.896000000000000000e+03 1.777560064504108084e+00 -3.059857595152422165e-03
1.902000000000000000e+03 1.772603522500714845e+00 8.473358360978315226e-03
1.908000000000000000e+03 1.767622796460249335e+00 1.391485653722156039e-02
1.914000000000000000e+03 1.762622164583459661e+00 3.556174554348731903e-03
1.920000000000000000e+03 1.757592894535387806e+00 -5.020487205422126918e-03
1.926000000000000000e+03 1.752527759099530513e+00 2.099496104496468511e-03
1.932000000000000000e+03 1.747438033350676045e+00 2.345570946136318544e-04
1.938000000000000000e+03 1.742318885595518507e+00 -1.620438370883074339e-03
1.944000000000000000e+03 1.737169715557923100e+00 -3.391889597040871531e-03
1.950000000000000000e+03 1.731984952850174730e+00 4.884285236915159728e-03
1.956000000000000000e+03 1.726774252307627489e+00 2.623007750921042477e-03
1.962000000000000000e+03 1.721528830660121967e+00 6.163186402951045112e-03
1.968000000000000000e+03 1.716259359498488957e+00 -6.698525290330196828e-03
1.974000000000000000e+03 1.710946557784244204e+00 4.014157061329125774e-04
1.980000000000000000e+03 1.705602589392950508e+00 2.389070050787730441e-03
1.986000000000000000e+03 1.700228881257260793e+00 -4.625317125072608837e-03
1.992000000000000000e+03 1.694813073080304378e+00 1.360946907769312007e-03
1.998000000000000000e+03 1.689365978627951792e+00 -1.473857450725027038e-03
2.004000000000000000e+03 1.683879222340789683e+00 1.032697600227755474e-03
2.010000000000000000e+03 1.678358727076788570e+00 -3.499485971726086844e-03
2.016000000000000000e+03 1.672795385639322729e+00 -2.735867773106907819e-05
2.022000000000000000e+03 1.667196183408737209e+00 -2.764733697269060753e-03
2.028000000000000000e+03 1.661554613182683271e+00 -1.727174532175220281e-03
2.034000000000000000e+03 1.655868443060600992e+00 5.182138343968059960e-03
2.040000000000000000e+03 1.650150737389482147e+00 -6.415806030785431956e-03
2.046000000000000000e+03 1.644380413659030982e+00 -1.755622927675089609e-03
2.052000000000000000e+03 1.638568676401372493e+00 -2.032920073176798514e-03
2.058000000000000000e+03 1.632712369191929414e+00 -3.767538152857255029e-03
2.064000000000000000e+03 1.626803955385550005e+00 3.597763915310180430e-03
2.070000000000000000e+03 1.620854633399281708e+00 -4.737908612981829234e-04
2.076000000000000000e+03 1.614846112438480530e+00 1.176389279398063967e-02
2.082000000000000000e+03 1.608803429877183833e+00 -2.163088130916668642e-03
2.088000000000000000e+03 1.602698269667950148e+00 8.523930589621232790e-04
2.094000000000000000e+03 1.596541260553796082e+00 1.516476284734983530e-03
2.100000000000000000e+03 1.590329861868386985e+00 1.425306168759410842e-03
2.106000000000000000e+03 1.584064752131622233e+00 -2.857393015175661247e-03
2.112000000000000000e+03 1.577736438975180011e+00 4.848945064955022602e-04
2.118000000000000000e+03 1.571353446253310526e+00 -4.132066962325188497e-03
2.124000000000000000e+03 1.564897588267120998e+00 7.268539037789538935e-03
2.130000000000000000e+03 1.558389052250378937e+00 2.422978938964856065e-03
2.136000000000000000e+03 1.551812419253219000e+00 7.432893425809560667e-04
2.142000000000000000e+03 1.545171135118752925e+00 -5.836220901313209433e-03
2.148000000000000000e+03 1.538449619767513710e+00 1.059764428184858595e-03
2.154000000000000000e+03 1.531664350342459180e+00 -4.694182800276766598e-03
2.160000000000000000e+03 1.524793690234105270e+00 2.648809102805460558e-03
2.166000000000000000e+03 1.517856609606332841e+00 -5.943487133121629074e-03
2.172000000000000000e+03 1.510825810658597668e+00 1.526953329898748241e-03
2.178000000000000000e+03 1.503718372383060276e+00 -1.252801809549780512e-03
2.184000000000000000e+03 1.496521315146652542e+00 -1.966827993778319170e-03
2.190000000000000000e+03 1.489239038333206144e+00 -1.045055209921775044e-02
2.196000000000000000e+03 1.481852702707153524e+00 -8.385258956979588923e-03
2.202000000000000000e+03 1.474359965585074095e+00 1.491511255252638522e-03
2.208000000000000000e+03 1.466772129217631893e+00 5.975171244823104105e-04
2.214000000000000000e+03 1.459072110644008102e+00 3.338239616851454254e-03
2.220000000000000000e+03 1.451264834084883937e+00 -1.730948798908873900e-03
2.226000000000000000e+03 1.443334607225767341e+00 -3.263398519434626208e-03
2.232000000000000000e+03 1.435275824887223051e+00 -2.112598991263653012e-03
2.238000000000000000e+03 1.427080659920152428e+00 2.831100993524199999e-03
2.244000000000000000e+03 1.418757318117738642e+00 -4.542208285683157522e-03
2.250000000000000000e+03 1.410272488061482976e+00 1.696351264087016600e-03
2.256000000000000000e+03 1.401638741353997464e+00 -6.507475715391859011e-05
2.262000000000000000e+03 1.392837773149795622e+00 -1.268721001608230474e-03
2.268000000000000000e+03 1.383852952322154994e+00 3.457590086152187783e-03
2.274000000000000000e+03 1.374695372869468857e+00 -7.033509008206764550e-03
2.280000000000000000e+03 1.365320527669312334e+00 -4.642273349048499885e-03
2.286000000000000000e+03 1.355718358231407628e+00 5.234884798960417335e-03
2.292000000000000000e+03 1.345907198944614303e+00 -6.957746173892879159e-03
2.298000000000000000e+03 1.335808009224520587e+00 7.524736951793157061e-03
2.304000000000000000e+03 1.325450713115988277e+00 6.313219353956430260e-03
2.310000000000000000e+03 1.314799494983474037e+00 -1.906152514648512975e-03
2.316000000000000000e+03 1.303801087108816814e+00 -3.294610438761755018e-04
2.322000000000000000e+03 1.292445931553004579e+00 -7.706490067145970076e-03
2.328000000000000000e+03 1.280653573927774014e+00 1.170914878628394329e-03
2.334000000000000000e+03 1.268424369590607670e+00 -7.750890603836917830e-03
2.340000000000000000e+03 1.255644310203651193e+00 -2.980731912602578061e-03
2.346000000000000000e+03 1.242275115945081776e+00 -9.352801625035642163e-03
2.352000000000000000e+03 1.228161082093133016e+00 1.974447188876881417e-03
2.358000000000000000e+03 1.213229069701798224e+00 -1.985062498588567245e-03
2.364000000000000000e+03 1.197254197013557731e+00 -9.432626102664925551e-04
2.370000000000000000e+03 1.179965703313667680e+00 6.156547312707503182e-03
2.376000000000000000e+03 1.161027164901294206e+00 -6.015536782902996919e-03
2.382000000000000000e+03 1.139673525016742461e+00 -1.771136907231183819e-03
2.388000000000000000e+03 1.114703216235792826e+00 -6.348046556313204254e-03
2.394000000000000000e+03 1.082897597273452472e+00 -2.278001420382702591e-03
2.400000000000000000e+03 1.026840033740040292e+00 -2.213462203939841472e-02
2.406000000000000000e+03 -2.022597004625803052e+00 5.114045186418109470e-03
2.412000000000000000e+03 -2.018662827513361346e+00 -6.814676286449050657e-04
2.418000000000000000e+03 -2.014718142056957539e+00 3.372933722871495786e-04
2.424000000000000000e+03 -2.010761233679271953e+00 3.152708384630892400e-03
2.430000000000000000e+03 -2.006787699251641577e+00 -5.188178248413509268e-03
2.436000000000000000e+03 -2.002806555824109935e+00 3.059287012563847042e-03
2.442000000000000000e+03 -1.998804674895881650e+00 -1.124910714817032101e-02
2.448000000000000000e+03 -1.994798057928536039e+00 3.077457900483924862e-04
2.454000000000000000e+03 -1.990773830813105105e+00 -3.720259529728878883e-04
2.460000000000000000e+03 -1.986735507533348155e+00 -2.301405225550405900e-03
2.466000000000000000e+03 -1.982684931941727458e+00 3.806011965102810805e-04
2.472000000000000000e+03 -1.978620124698948102e+00 2.276489599415142118e-03
2.478000000000000000e+03 -1.974539193320966168e+00 -1.610247491367884295e-03
2.484000000000000000e+03 -1.970445097864175432e+00 -2.191784224970108087e-03
2.490000000000000000e+03 -1.966337690697622875e+00 4.938574395108058946e-04
2.496000000000000000e+03 -1.962213331924265614e+00 -3.475291336481925800e-03
2.502000000000000000e+03 -1.958075642392832272e+00 -3.244108239692291076e-03
2.508000000000000000e+03 -1.953922817944745649e+00 -3.510438415520475072e-03
2.514000000000000000e+03 -1.949752841002444503e+00 -9.383957721126601204e-03
2.520000000000000000e+03 -1.945572865690123221e+00 -3.573232554563672623e-04
2.526000000000000000e+03 -1.941375192051941312e+00 2.521690961800554173e-03
2.532000000000000000e+03 -1.937160105387212727e+00 6.417162120354955729e-04
2.538000000000000000e+03 -1.932930013295414806e+00 1.182248883711672308e-03
2.544000000000000000e+03 -1.928682443403009206e+00 -2.062387342701819774e-03
2.550000000000000000e+03 -1.924419834489961678e+00 -1.898511483847897807e-03
2.556000000000000000e+03 -1.920140999486588562e+00 -1.051844935277124323e-03
2.562000000000000000e+03 -1.915842214349522621e+00 -8.881707670459308701e-03
2.568000000000000000e+03 -1.911528728747180494e+00 -1.073573477087212333e-02
2.574000000000000000e+03 -1.907203791679372706e+00 2.402089808585493313e-03
2.580000000000000000e+03 -1.902858134661325806e+00 6.528858314866426565e-03
2.586000000000000000e+03 -1.898490706081289447e+00 -2.946078811013972537e-04
2.592000000000000000e+03 -1.894106175410310122e+00 -5.195085610879433304e-03
2.598000000000000000e+03 -1.889706892697261775e+00 -1.548725639199801307e-03
2.604000000000000000e+03 -1.885289578841068403e+00 2.730647023927410509e-03
2.610000000000000000e+03 -1.880853740510913585e+00 6.988289863628026691e-03
2.616000000000000000e+03 -1.876397796408545648e+00 7.895616559944175494e-03
2.622000000000000000e+03 -1.871920229001167613e+00 2.381733557566317796e-03
2.628000000000000000e+03 -1.867426839320670995e+00 5.656808572683985452e-03
2.634000000000000000e+03 -1.862910944155210524e+00 1.709943878129353530e-03
2.640000000000000000e+03 -1.858377854567413001e+00 4.410615731242930465e-03
2.646000000000000000e+03 -1.853821311004523187e+00 -9.341606991520017694e-04
2.652000000000000000e+03 -1.849242219315236690e+00 -1.125093184087538715e-02
2.658000000000000000e+03 -1.844652786469964001e+00 3.624828224890458764e-03
2.664000000000000000e+03 -1.840031116009299472e+00 -8.344773709693147773e-03
2.670000000000000000e+03 -1.835399188006049620e+00 6.226506211886610395e-03
2.676000000000000000e+03 -1.830737742235179599e+00 2.233681967912464969e-03
2.682000000000000000e+03 -1.826053952214172549e+00 -2.387665626130287128e-03
2.688000000000000000e+03 -1.821352415702011562e+00 3.814274142341925883e-03
2.694000000000000000e+03 -1.816619368488259001e+00 -1.022933832255396025e-02
2.700000000000000000e+03 -1.811873208156551396e+00 -1.279422267582952868e-03
2.706000000000000000e+03 -1.807102361684989500e+00 4.820672220258971456e-03
2.712000000000000000e+03 -1.802299586648576257e+00 -7.313429646481640553e-03
2.718000000000000000e+03 -1.797479022079722988e+00 -4.863072432741833220e-03
2.724000000000000000e+03 -1.792639177375969117e+00 9.461611015591587029e-03
2.730000000000000000e+03 -1.787762956483995413e+00 -1.289991277935169985e-03
2.736000000000000000e+03 -1.782866412497938535e+00 -6.178508609597666706e-04
2.742000000000000000e+03 -1.777940957323425497e+00 -6.382397871388374375e-03
2.748000000000000000e+03 -1.772993313470350163e+00 -3.075216065047823438e-03
2.754000000000000000e+03 -1.768017495581902576e+00 -2.634445921420168046e-03
2.760000000000000000e+03 -1.763018263018612863e+00 5.890998071594241541e-03
2.766000000000000000e+03 -1.757985966333235117e+00 3.439622084309604255e-03
2.772000000000000000e+03 -1.752921088558101692e+00 -7.768921804522024334e-03
2.778000000000000000e+03 -1.747836542139596272e+00 8.870725513093888001e-05
2.784000000000000000e+03 -1.742717346844789406e+00 -2.867557713984521424e-03
2.790000000000000000e+03 -1.737570023911592987e+00 -2.100574351940469407e-03
2.796000000000000000e+03 -1.732396920032452492e+00 8.192007517533097388e-03
2.802000000000000000e+03 -1.727185194403974888e+00 3.437271550144959525e-03
2.808000000000000000e+03 -1.721941151751193111e+00 -2.354764774232265614e-03
2.814000000000000000e+03 -1.716668241816830864e+00 -1.226284814373020202e-03
2.820000000000000000e+03 -1.711360579822119199e+00 -3.387583800603887873e-03
2.826000000000000000e+03 -1.706023496879723877e+00 2.728043742733601926e-03
2.832000000000000000e+03 -1.700646440427343364e+00 -1.761960054149395820e-03
2.838000000000000000e+03 -1.695241647713653155e+00 7.734801888862613203e-03
2.844000000000000000e+03 -1.689793123636189831e+00 2.566031257234871726e-03
2.850000000000000000e+03 -1.684316872573918378e+00 1.401905833636066939e-02
2.856000000000000000e+03 -1.678788253325582014e+00 -1.893563172277796429e-03
2.862000000000000000e+03 -1.673232657532051304e+00 3.163885376688331964e-03
2.868000000000000000e+03 -1.667630251852736389e+00 -5.327556720150349728e-03
2.874000000000000000e+03 -1.661997154977290059e+00 3.061248852609229232e-03
2.880000000000000000e+03 -1.656314982158756166e+00 -2.592028684911144853e-03
2.886000000000000000e+03 -1.650598834476691978e+00 5.903126572790894436e-03
2.892000000000000000e+03 -1.644829717736029151e+00 -2.525412770253882694e-03
2.898000000000000000e+03 -1.639023841273602011e+00 1.831506271739230833e-03
2.904000000000000000e+03 -1.633168463479659716e+00 -8.501069575478593585e-04
2.910000000000000000e+03 -1.627268785542363094e+00 1.543115870758712815e-04
2.916000000000000000e+03 -1.621318956090535890e+00 -2.778169873309315526e-03
2.922000000000000000e+03 -1.615319232673060990e+00 -7.051807575773055316e-03
2.928000000000000000e+03 -1.609273450960683638e+00 -4.419531794050021029e-03
2.934000000000000000e+03 -1.603176657185793719e+00 -6.786610858506752011e-04
2.940000000000000000e+03 -1.597024002488488748e+00 -1.170995784184392097e-03
2.946000000000000000e+03 -1.590819835231129353e+00 3.316604677631963469e-03
2.952000000000000000e+03 -1.584561421634503420e+00 1.090074817009176536e-02
2.958000000000000000e+03 -1.578234053017782301e+00 2.064089539758917971e-03
2.964000000000000000e+03 -1.571850082515665603e+00 -1.785113313444508694e-03
2.970000000000000000e+03 -1.565405527241301886e+00 -3.896024291809973856e-03
2.976000000000000000e+03 -1.558896983214420828e+00 -6.331757306783772354e-03
2.982000000000000000e+03 -1.552334343081389845e+00 7.784595369075671123e-03
2.988000000000000000e+03 -1.545686528889496758e+00 -2.365838305340390441e-03
2.994000000000000000e+03 -1.538971678773180640e+00 -7.692408181496930737e-03
3.000000000000000000e+03 -1.532196474335259850e+00 3.920167494606901885e-03
