0.000000000000000000e+00 2.000000000000000000e+00 0.000000000000000000e+00
6.000000000000000000e+00 1.995993533849413915e+00 -6.689000731845735773e-04
1.200000000000000000e+01 1.991973368159844382e+00 -6.711581650689028150e-04
1.800000000000000000e+01 1.987939575600588871e+00 -6.734417899314514054e-04
2.400000000000000000e+01 1.983892005347442478e+00 -6.757507822879702149e-04
3.000000000000000000e+01 1.979830503711541567e+00 -6.780856314404147501e-04
3.600000000000000000e+01 1.975754914069527191e+00 -6.804468329367427144e-04
4.200000000000000000e+01 1.971665076783901682e+00 -6.828348959091826717e-04
4.800000000000000000e+01 1.967560829120657440e+00 -6.852503434474247835e-04
5.400000000000000000e+01 1.963442005163979376e+00 -6.876937131200392198e-04
6.000000000000000000e+01 1.959308435727894260e+00 -6.901655574569027585e-04
6.600000000000000000e+01 1.955159948264731495e+00 -6.926664445304465088e-04
7.200000000000000000e+01 1.950996366770254120e+00 -6.951969585238764035e-04
7.800000000000000000e+01 1.946817511685310809e+00 -6.977577002854670057e-04
8.400000000000000000e+01 1.942623199793848787e+00 -7.003492879800724729e-04
9.000000000000000000e+01 1.938413244117126899e+00 -7.029723577706574510e-04
9.600000000000000000e+01 1.934187453803946743e+00 -7.056275643671765935e-04
1.020000000000000000e+02 1.929945634016723810e+00 -7.083155819080265902e-04
1.080000000000000000e+02 1.925687585813200542e+00 -7.110371045723530310e-04
1.140000000000000000e+02 1.921413106023595496e+00 -7.137928474170913452e-04
1.200000000000000000e+02 1.917121987122971438e+00 -7.165835471589387289e-04
1.260000000000000000e+02 1.912814017098596109e+00 -7.194099631340891482e-04
1.320000000000000000e+02 1.908488979312046308e+00 -7.222728780137424804e-04
1.380000000000000000e+02 1.904146652355803271e+00 -7.251730988754657211e-04
1.440000000000000000e+02 1.899786809904067342e+00 -7.281114581560975147e-04
1.500000000000000000e+02 1.895409220557501939e+00 -7.310888146986797929e-04
1.560000000000000000e+02 1.891013647681604626e+00 -7.341060548708912455e-04
1.620000000000000000e+02 1.886599849238377313e+00 -7.371640935805793800e-04
1.680000000000000000e+02 1.882167577610957876e+00 -7.402638756092635997e-04
1.740000000000000000e+02 1.877716579420847909e+00 -7.434063768711323414e-04
1.800000000000000000e+02 1.873246595337348941e+00 -7.465926056601152917e-04
1.860000000000000000e+02 1.868757359878797430e+00 -7.498236041209778999e-04
1.920000000000000000e+02 1.864248601205164446e+00 -7.531004497086454677e-04
1.980000000000000000e+02 1.859720040901553961e+00 -7.564242567676312526e-04
2.040000000000000000e+02 1.855171393752107489e+00 -7.597961781253207824e-04
2.100000000000000000e+02 1.850602367503786594e+00 -7.632174067617377442e-04
2.160000000000000000e+02 1.846012662619481715e+00 -7.666891779223876293e-04
2.220000000000000000e+02 1.841401972019842015e+00 -7.702127706956653176e-04
2.280000000000000000e+02 1.836769980813191205e+00 -7.737895102673266433e-04
2.340000000000000000e+02 1.832116366012854103e+00 -7.774207700164039586e-04
2.400000000000000000e+02 1.827440796241162291e+00 -7.811079737333717805e-04
2.460000000000000000e+02 1.822742931419370382e+00 -7.848525982642358401e-04
2.520000000000000000e+02 1.818022422442645114e+00 -7.886561757694253742e-04
2.580000000000000000e+02 1.813278910839240643e+00 -7.925202965383702563e-04
2.640000000000000000e+02 1.808512028412915029e+00 -7.964466120696522562e-04
2.700000000000000000e+02 1.803721396867562055e+00 -8.004368378469658160e-04
2.760000000000000000e+02 1.798906627412963033e+00 -8.044927567521697933e-04
2.820000000000000000e+02 1.794067320350486883e+00 -8.086162223670767491e-04
2.880000000000000000e+02 1.789203064637475693e+00 -8.128091627634366836e-04
2.940000000000000000e+02 1.784313437428960869e+00 -8.170735844209650470e-04
3.000000000000000000e+02 1.779398003595242583e+00 -8.214115761648395526e-04
3.060000000000000000e+02 1.774456315213765789e+00 -8.258253138112373873e-04
3.120000000000000000e+02 1.769487911033597038e+00 -8.303170648666888557e-04
3.180000000000000000e+02 1.764492315910668241e+00 -8.348891934215360664e-04
3.240000000000000000e+02 1.759469040211809165e+00 -8.395441655137035565e-04
3.300000000000000000e+02 1.754417579185445275e+00 -8.442845551884258816e-04
3.360000000000000000e+02 1.749337412296633643e+00 -8.491130501334206082e-04
3.420000000000000000e+02 1.744228002523945831e+00 -8.540324587512970527e-04
3.480000000000000000e+02 1.739088795615479910e+00 -8.590457168446698991e-04
3.540000000000000000e+02 1.733919219301058412e+00 -8.641558954556751273e-04
3.600000000000000000e+02 1.728718682457411671e+00 -8.693662087412200529e-04
3.660000000000000000e+02 1.723486574222869105e+00 -8.746800227970410232e-04
3.720000000000000000e+02 1.718222263057776367e+00 -8.801008651651554254e-04
3.780000000000000000e+02 1.712925095746500981e+00 -8.856324345991966034e-04
3.840000000000000000e+02 1.707594396336534981e+00 -8.912786123849117826e-04
3.900000000000000000e+02 1.702229465009762688e+00 -8.970434735564179664e-04
3.960000000000000000e+02 1.696829576880521939e+00 -9.029313001132710861e-04
4.020000000000000000e+02 1.691393980714566148e+00 -9.089465944519607406e-04
4.080000000000000000e+02 1.685921897562445926e+00 -9.150940939770241646e-04
4.140000000000000000e+02 1.680412519300236607e+00 -9.213787876259535393e-04
4.200000000000000000e+02 1.674865007069796130e+00 -9.278059329445473248e-04
4.260000000000000000e+02 1.669278489609961502e+00 -9.343810751892979004e-04
4.320000000000000000e+02 1.663652061469214072e+00 -9.411100679492860567e-04
4.380000000000000000e+02 1.657984781089344439e+00 -9.479990954700355651e-04
4.440000000000000000e+02 1.652275668748541371e+00 -9.550546971220237298e-04
4.500000000000000000e+02 1.646523704351083861e+00 -9.622837940182990026e-04
4.560000000000000000e+02 1.640727825049420607e+00 -9.696937186167344652e-04
4.620000000000000000e+02 1.634886922682798449e+00 -9.772922460436173856e-04
4.680000000000000000e+02 1.628999841014841410e+00 -9.850876296500314915e-04
4.740000000000000000e+02 1.623065372750448043e+00 -9.930886395603524212e-04
4.800000000000000000e+02 1.617082256310029109e+00 -1.001304604805165104e-03
4.860000000000000000e+02 1.611049172336499691e+00 -1.009745459933289848e-03
4.920000000000000000e+02 1.604964739907465576e+00 -1.018421797195434488e-03
4.980000000000000000e+02 1.598827512421570729e+00 -1.027344923171652318e-03
5.040000000000000000e+02 1.592635973124036486e+00 -1.036526921853498989e-03
5.100000000000000000e+02 1.586388530231956917e+00 -1.045980725493849631e-03
5.160000000000000000e+02 1.580083511614649439e+00 -1.055720192211648950e-03
5.220000000000000000e+02 1.573719158978367449e+00 -1.065760193578493961e-03
5.280000000000000000e+02 1.567293621497689804e+00 -1.076116711453468412e-03
5.340000000000000000e+02 1.560804948827829053e+00 -1.086806947740536280e-03
5.400000000000000000e+02 1.554251083422623747e+00 -1.097849446506885852e-03
5.460000000000000000e+02 1.547629852071924939e+00 -1.109264231929187440e-03
5.520000000000000000e+02 1.540938956559147144e+00 -1.121072964129864137e-03
5.580000000000000000e+02 1.534175963324438507e+00 -1.133299114757950043e-03
5.640000000000000000e+02 1.527338292000930631e+00 -1.145968167481178262e-03
5.700000000000000000e+02 1.520423202670071916e+00 -1.159107845027855781e-03
5.760000000000000000e+02 1.513427781656559112e+00 -1.172748369246732515e-03
5.820000000000000000e+02 1.506348925652865933e+00 -1.186922758556316695e-03
5.880000000000000000e+02 1.499183323926695621e+00 -1.201667169846447466e-03
5.940000000000000000e+02 1.491927438320485466e+00 -1.217021293767719774e-03
6.000000000000000000e+02 1.484577480698349161e+00 -1.233028811077017126e-03
6.060000000000000000e+02 1.477129387430490270e+00 -1.249737925137847303e-03
6.120000000000000000e+02 1.469578790424827419e+00 -1.267201981369491881e-03
6.180000000000000000e+02 1.461920984116843458e+00 -1.285480197256019981e-03
6.240000000000000000e+02 1.454150887705936368e+00 -1.304638519549603751e-03
6.300000000000000000e+02 1.446263001773519852e+00 -1.324750641803469067e-03
6.360000000000000000e+02 1.438251358225865806e+00 -1.345899215864940516e-03
6.420000000000000000e+02 1.430109462261193398e+00 -1.368177303718973951e-03
6.480000000000000000e+02 1.421830224749981442e+00 -1.391690127217356989e-03
6.540000000000000000e+02 1.413405883018063358e+00 -1.416557190819422692e-03
6.600000000000000000e+02 1.404827907504102358e+00 -1.442914878177397556e-03
6.660000000000000000e+02 1.396086891084186377e+00 -1.470919646306809722e-03
6.720000000000000000e+02 1.387172416958475596e+00 -1.500751994162868820e-03
6.780000000000000000e+02 1.378072899793731043e+00 -1.532621432302653814e-03
6.840000000000000000e+02 1.368775393189789469e+00 -1.566772770814237872e-03
6.900000000000000000e+02 1.359265354308790918e+00 -1.603494155074008335e-03
6.960000000000000000e+02 1.349526353406291790e+00 -1.643127457154182651e-03
7.020000000000000000e+02 1.339539711627148133e+00 -1.686081885819502683e-03
7.080000000000000000e+02 1.329284044144537491e+00 -1.732852058434246161e-03
7.140000000000000000e+02 1.318734676527170357e+00 -1.784042375141851400e-03
7.200000000000000000e+02 1.307862888491851505e+00 -1.840400474695291170e-03
7.260000000000000000e+02 1.296634918218418031e+00 -1.902864043097570422e-03
7.320000000000000000e+02 1.285010627503180292e+00 -1.972627777739151527e-03
7.380000000000000000e+02 1.272941674894958686e+00 -2.051241618863964937e-03
7.440000000000000000e+02 1.260368955229971943e+00 -2.140759091534180734e-03
7.500000000000000000e+02 1.247218909967078737e+00 -2.243969011685237151e-03
7.560000000000000000e+02 1.233398033026854357e+00 -2.364772132573661478e-03
7.620000000000000000e+02 1.218783231193870220e+00 -2.510673662199176728e-03
7.680000000000000000e+02 1.203208308161929141e+00 -2.687310462079291109e-03
7.740000000000000000e+02 1.186443787279892303e+00 -2.910049259880231540e-03
7.800000000000000000e+02 1.168145390236812853e+00 -3.203831727677744316e-03
7.860000000000000000e+02 1.147763000319091509e+00 -3.615702457876207587e-03
7.920000000000000000e+02 1.124306886224974322e+00 -4.256306777223038164e-03
7.980000000000000000e+02 1.095601957395655690e+00 -5.467335792267442873e-03
8.040000000000000000e+02 1.054061681637683101e+00 -9.477399433333267773e-03
8.100000000000000000e+02 -1.998822565953773944e+00 6.673212596026691307e-04
8.160000000000000000e+02 -1.994811926684395553e+00 6.695627799118712611e-04
8.220000000000000000e+02 -1.990787765380432672e+00 6.718288080158976456e-04
8.280000000000000000e+02 -1.986749932708165467e+00 6.741198085375228917e-04
8.340000000000000000e+02 -1.982698278962733207e+00 6.764351397227877805e-04
8.400000000000000000e+02 -1.978632648039565511e+00 6.787777045562183630e-04
8.460000000000000000e+02 -1.974552882450447466e+00 6.811467569723081731e-04
8.520000000000000000e+02 -1.970458821655204362e+00 6.835428234633420929e-04
8.580000000000000000e+02 -1.966350301992509708e+00 6.859664311840022247e-04
8.640000000000000000e+02 -1.962227156593551625e+00 6.884181220321781937e-04
8.700000000000000000e+02 -1.958089215292760255e+00 6.908984530997508726e-04
8.760000000000000000e+02 -1.953936304535303536e+00 6.934079970936087934e-04
8.820000000000000000e+02 -1.949768247281210343e+00 6.959473430732565809e-04
8.880000000000000000e+02 -1.945584862905968659e+00 6.985170969116209338e-04
8.940000000000000000e+02 -1.941385967097437382e+00 7.011178819862138971e-04
9.000000000000000000e+02 -1.937171371748905635e+00 7.037503398201029950e-04
9.060000000000000000e+02 -1.932940884848121543e+00 7.064151308439512930e-04
9.120000000000000000e+02 -1.928694310362099928e+00 7.091129349434980786e-04
9.180000000000000000e+02 -1.924431448117513765e+00 7.118444523951376239e-04
9.240000000000000000e+02 -1.920152093676461114e+00 7.146104045301751627e-04
9.300000000000000000e+02 -1.915856038207383039e+00 7.174115346388955936e-04
9.360000000000000000e+02 -1.911543068350903152e+00 7.202486088130402846e-04
9.420000000000000000e+02 -1.907212966080338523e+00 7.231224167941907198e-04
9.480000000000000000e+02 -1.902865508556623286e+00 7.260337730699736565e-04
9.540000000000000000e+02 -1.898500467977367379e+00 7.289835177255413624e-04
9.600000000000000000e+02 -1.894117611419756653e+00 7.319725175674796558e-04
9.660000000000000000e+02 -1.889716700676986161e+00 7.350016672016848433e-04
9.720000000000000000e+02 -1.885297492087897320e+00 7.380718902612935870e-04
9.780000000000000000e+02 -1.880859736359469236e+00 7.411841405550411137e-04
9.840000000000000000e+02 -1.876403178381794046e+00 7.443394033424621890e-04
9.900000000000000000e+02 -1.871927557035142575e+00 7.475386967350515542e-04
9.960000000000000000e+02 -1.867432604988707778e+00 7.507830731822577640e-04
1.002000000000000000e+03 -1.862918048490572742e+00 7.540736207351596320e-04
1.008000000000000000e+03 -1.858383607148438532e+00 7.574114649187146811e-04
1.014000000000000000e+03 -1.853828993700608274e+00 7.607977702207401743e-04
1.020000000000000000e+03 -1.849253913776687686e+00 7.642337418734813882e-04
1.026000000000000000e+03 -1.844658065647436951e+00 7.677206277546975641e-04
1.032000000000000000e+03 -1.840041139963163541e+00 7.712597203320682411e-04
1.038000000000000000e+03 -1.835402819480006498e+00 7.748523587403907198e-04
1.044000000000000000e+03 -1.830742778773421620e+00 7.784999310117581266e-04
1.050000000000000000e+03 -1.826060683938121265e+00 7.822038761985793814e-04
1.056000000000000000e+03 -1.821356192273686503e+00 7.859656871347735739e-04
1.062000000000000000e+03 -1.816628951955001403e+00 7.897869129342696345e-04
1.068000000000000000e+03 -1.811878601686597090e+00 7.936691615217411795e-04
1.074000000000000000e+03 -1.807104770339940325e+00 7.976141028285299627e-04
1.080000000000000000e+03 -1.802307076572631006e+00 8.016234719560891243e-04
1.086000000000000000e+03 -1.797485128428377044e+00 8.056990721192921990e-04
1.092000000000000000e+03 -1.792638522916556454e+00 8.098427784594276323e-04
1.098000000000000000e+03 -1.787766845570080365e+00 8.140565417448507616e-04
1.104000000000000000e+03 -1.782869669980159610e+00 8.183423921569063465e-04
1.110000000000000000e+03 -1.777946557306492092e+00 8.227024437792184765e-04
1.116000000000000000e+03 -1.772997055761255991e+00 8.271388987840126500e-04
1.122000000000000000e+03 -1.768020700065179751e+00 8.316540526015927083e-04
1.128000000000000000e+03 -1.763017010873815460e+00 8.362502987649214105e-04
1.134000000000000000e+03 -1.757985494171991236e+00 8.409301345056588222e-04
1.140000000000000000e+03 -1.752925640634261262e+00 8.456961665938025029e-04
1.146000000000000000e+03 -1.747836924948983350e+00 8.505511175439888199e-04
1.152000000000000000e+03 -1.742718805103468549e+00 8.554978325426788790e-04
1.158000000000000000e+03 -1.737570721627415882e+00 8.605392863653085365e-04
1.164000000000000000e+03 -1.732392096791616876e+00 8.656785912389945454e-04
1.170000000000000000e+03 -1.727182333758658039e+00 8.709190051613906842e-04
1.176000000000000000e+03 -1.721940815682048820e+00 8.762639407496825364e-04
1.182000000000000000e+03 -1.716666904749892364e+00 8.817169747772382561e-04
1.188000000000000000e+03 -1.711359941168867138e+00 8.872818585908314251e-04
1.194000000000000000e+03 -1.706019242083898213e+00 8.929625291759598531e-04
1.200000000000000000e+03 -1.700644100428466921e+00 8.987631212866830765e-04
1.206000000000000000e+03 -1.695233783700027086e+00 9.046879800998039890e-04
1.212000000000000000e+03 -1.689787532654479563e+00 9.107416756247097836e-04
1.218000000000000000e+03 -1.684304559913060606e+00 9.169290175688182831e-04
1.224000000000000000e+03 -1.678784048474348589e+00 9.232550720982289670e-04
1.230000000000000000e+03 -1.673225150123356153e+00 9.297251793536205578e-04
1.236000000000000000e+03 -1.667626983728871304e+00 9.363449730787699920e-04
1.242000000000000000e+03 -1.661988633419296590e+00 9.431204017646807516e-04
1.248000000000000000e+03 -1.656309146626200546e+00 9.500577514907417335e-04
1.254000000000000000e+03 -1.650587531983661593e+00 9.571636711923653829e-04
1.260000000000000000e+03 -1.644822757070177888e+00 9.644451997681272514e-04
1.266000000000000000e+03 -1.639013745978478154e+00 9.719097964647061124e-04
1.272000000000000000e+03 -1.633159376696909471e+00 9.795653734573433417e-04
1.278000000000000000e+03 -1.627258478284212107e+00 9.874203319905146443e-04
1.284000000000000000e+03 -1.621309827817396076e+00 9.954836019911165925e-04
1.290000000000000000e+03 -1.615312147090016692e+00 1.003764685621301358e-03
1.296000000000000000e+03 -1.609264099035432549e+00 1.012273705583457278e-03
1.302000000000000000e+03 -1.603164283846481464e+00 1.021021457838586916e-03
1.308000000000000000e+03 -1.597011234759474929e+00 1.030019471023501960e-03
1.314000000000000000e+03 -1.590803413466279848e+00 1.039280071074019565e-03
1.320000000000000000e+03 -1.584539205113576044e+00 1.048816454371179078e-03
1.326000000000000000e+03 -1.578216912842902664e+00 1.058642767556523378e-03
1.332000000000000000e+03 -1.571834751818868003e+00 1.068774198256516655e-03
1.338000000000000000e+03 -1.565390842685608019e+00 1.079227075804373723e-03
1.344000000000000000e+03 -1.558883204383039844e+00 1.090018983455106521e-03
1.350000000000000000e+03 -1.552309746244638688e+00 1.101168885779056032e-03
1.356000000000000000e+03 -1.545668259286864687e+00 1.112697271385803752e-03
1.362000000000000000e+03 -1.538956406586740711e+00 1.124626314231867187e-03
1.368000000000000000e+03 -1.532171712628048077e+00 1.136980055960066334e-03
1.374000000000000000e+03 -1.525311551477693595e+00 1.149784614289550916e-03
1.380000000000000000e+03 -1.518373133631198968e+00 1.163068418913855819e-03
1.386000000000000000e+03 -1.511353491339381572e+00 1.176862481578422196e-03
1.392000000000000000e+03 -1.504249462196196374e+00 1.191200706878770693e-03
1.398000000000000000e+03 -1.497057670728859202e+00 1.206120247740336037e-03
1.404000000000000000e+03 -1.489774507684676452e+00 1.221661918682372767e-03
1.410000000000000000e+03 -1.482396106652048129e+00 1.237870672171141953e-03
1.416000000000000000e+03 -1.474918317583766347e+00 1.254796156008843944e-03
1.422000000000000000e+03 -1.467336676705428333e+00 1.272493362603107020e-03
1.428000000000000000e+03 -1.459646372186574226e+00 1.291023394074543914e-03
1.434000000000000000e+03 -1.451842204821303550e+00 1.310454363008690124e-03
1.440000000000000000e+03 -1.443918542801632787e+00 1.330862463810680548e-03
1.446000000000000000e+03 -1.435869269460815500e+00 1.352333248791648792e-03
1.452000000000000000e+03 -1.427687722602555054e+00 1.374963161177792780e-03
1.458000000000000000e+03 -1.419366623698009588e+00 1.398861386559782606e-03
1.464000000000000000e+03 -1.410897994801589395e+00 1.424152102742910677e-03
1.470000000000000000e+03 -1.402273060476307842e+00 1.450977237682115522e-03
1.476000000000000000e+03 -1.393482131283228842e+00 1.479499871493900704e-03
1.482000000000000000e+03 -1.384514464412481827e+00 1.509908471773630922e-03
1.488000000000000000e+03 -1.375358095722167828e+00 1.542422215370349917e-03
1.494000000000000000e+03 -1.365999635669739698e+00 1.577297738235345541e-03
1.500000000000000000e+03 -1.356424019167749684e+00 1.614837791206240759e-03
1.506000000000000000e+03 -1.346614195971199912e+00 1.655402477510066256e-03
1.512000000000000000e+03 -1.336550743343863257e+00 1.699424020760123165e-03
1.518000000000000000e+03 -1.326211375736853659e+00 1.747426470281629018e-03
1.524000000000000000e+03 -1.315570315891115838e+00 1.800052404280473800e-03
1.530000000000000000e+03 -1.304597476261227795e+00 1.858099781350062768e-03
1.536000000000000000e+03 -1.293257375775950901e+00 1.922573826004052387e-03
1.542000000000000000e+03 -1.281507679188534921e+00 1.994761780787830934e-03
1.548000000000000000e+03 -1.269297184709897941e+00 2.076343445626534830e-03
1.554000000000000000e+03 -1.256562981704049564e+00 2.169559694952134625e-03
1.560000000000000000e+03 -1.243226317567624584e+00 2.277478598516724344e-03
1.566000000000000000e+03 -1.229186376264787883e+00 2.404433761348405418e-03
1.572000000000000000e+03 -1.214309072044855720e+00 2.558825209302821851e-03
1.578000000000000000e+03 -1.198411990479623102e+00 2.747324124591595060e-03
1.584000000000000000e+03 -1.181238386132152485e+00 2.987847048887471834e-03
1.590000000000000000e+03 -1.162397193436107035e+00 3.309654270489745167e-03
1.596000000000000000e+03 -1.141244277134113805e+00 3.773079818696875847e-03
1.602000000000000000e+03 -1.116562236909685035e+00 4.524612551745924895e-03
1.608000000000000000e+03 -1.085430254857640664e+00 6.089895939779314815e-03
1.614000000000000000e+03 -1.033529723601385175e+00 1.505722780014499135e-02
1.620000000000000000e+03 1.997522891497786501e+00 -6.680457426007417815e-04
1.626000000000000000e+03 1.993507882687270749e+00 -6.702939853203266057e-04
1.632000000000000000e+03 1.989479303777815344e+00 -6.725680642626754918e-04
1.638000000000000000e+03 1.985437005020391776e+00 -6.748673250319165307e-04
1.644000000000000000e+03 1.981380833824662568e+00 -6.771922571035811182e-04
1.650000000000000000e+03 1.977310634695476743e+00 -6.795433509870131171e-04
1.656000000000000000e+03 1.973226249154208300e+00 -6.819211105594816464e-04
1.662000000000000000e+03 1.969127515657468352e+00 -6.843260535740186687e-04
1.668000000000000000e+03 1.965014269512938672e+00 -6.867587119954690796e-04
1.674000000000000000e+03 1.960886342792199866e+00 -6.892196326096734424e-04
1.680000000000000000e+03 1.956743564240424504e+00 -6.917093774817143848e-04
1.686000000000000000e+03 1.952585759182795533e+00 -6.942285245830522034e-04
1.692000000000000000e+03 1.948412749427502533e+00 -6.967776683524483502e-04
1.698000000000000000e+03 1.944224353165160846e+00 -6.993574202420531306e-04
1.704000000000000000e+03 1.940020384864493908e+00 -7.019684094823977222e-04
1.710000000000000000e+03 1.935800655164105155e+00 -7.046112836622657211e-04
1.716000000000000000e+03 1.931564970760156541e+00 -7.072867093934535974e-04
1.722000000000000000e+03 1.927313134289767582e+00 -7.099953731482915031e-04
1.728000000000000000e+03 1.923044944209929552e+00 -7.127379819171517170e-04
1.734000000000000000e+03 1.918760194671722763e+00 -7.155152640427694293e-04
1.740000000000000000e+03 1.914458675389614895e+00 -7.183279701554779210e-04
1.746000000000000000e+03 1.910140171505598783e+00 -7.211768738998520275e-04
1.752000000000000000e+03 1.905804463447920538e+00 -7.240627729809021940e-04
1.758000000000000000e+03 1.901451326784129980e+00 -7.269864899734034252e-04
1.764000000000000000e+03 1.897080532068175396e+00 -7.299488736005300352e-04
1.770000000000000000e+03 1.892691844681241076e+00 -7.329507995418454991e-04
1.776000000000000000e+03 1.888285024666011669e+00 -7.359931716841170085e-04
1.782000000000000000e+03 1.883859826554031391e+00 -7.390769233315958291e-04
1.788000000000000000e+03 1.879415999185797714e+00 -7.422030183360067397e-04
1.794000000000000000e+03 1.874953285523215163e+00 -7.453724524693807613e-04
1.800000000000000000e+03 1.870471422454008215e+00 -7.485862548301587972e-04
1.806000000000000000e+03 1.865970140587667192e+00 -7.518454892148964666e-04
1.812000000000000000e+03 1.861449164042472182e+00 -7.551512556948190716e-04
1.818000000000000000e+03 1.856908210223116695e+00 -7.585046922372489821e-04
1.824000000000000000e+03 1.852346989588415260e+00 -7.619069763329809532e-04
1.830000000000000000e+03 1.847765205408548939e+00 -7.653593268610025266e-04
1.836000000000000000e+03 1.843162553511268342e+00 -7.688630059512612403e-04
1.842000000000000000e+03 1.838538722016431759e+00 -7.724193209852582218e-04
1.848000000000000000e+03 1.833893391058213584e+00 -7.760296266780952875e-04
1.854000000000000000e+03 1.829226232494278737e+00 -7.796953273247688061e-04
1.860000000000000000e+03 1.824536909601166546e+00 -7.834178792689771914e-04
1.866000000000000000e+03 1.819825076755071880e+00 -7.871987932078827526e-04
1.872000000000000000e+03 1.815090379097160200e+00 -7.910396370064761047e-04
1.878000000000000000e+03 1.810332452182492613e+00 -7.949420385047278144e-04
1.884000000000000000e+03 1.805550921611560389e+00 -7.989076883284058428e-04
1.890000000000000000e+03 1.800745402643371129e+00 -8.029383433108616209e-04
1.896000000000000000e+03 1.795915499788938385e+00 -8.070358296092927219e-04
1.902000000000000000e+03 1.791060806383949933e+00 -8.112020464825909051e-04
1.908000000000000000e+03 1.786180904139295311e+00 -8.154389700426418423e-04
1.914000000000000000e+03 1.781275362668026663e+00 -8.197486572094182062e-04
1.920000000000000000e+03 1.776343738987229415e+00 -8.241332500815603916e-04
1.926000000000000000e+03 1.771385576993154354e+00 -8.285949806361859581e-04
1.932000000000000000e+03 1.766400406907832732e+00 -8.331361754866392719e-04
1.938000000000000000e+03 1.761387744695253499e+00 -8.377592611828451946e-04
1.944000000000000000e+03 1.756347091445034314e+00 -8.424667698471080936e-04
1.950000000000000000e+03 1.751277932721339914e+00 -8.472613451025891697e-04
1.956000000000000000e+03 1.746179737874622440e+00 -8.521457485497878088e-04
1.962000000000000000e+03 1.741051959313550279e+00 -8.571228664975810273e-04
1.968000000000000000e+03 1.735894031734275478e+00 -8.621957175118934950e-04
1.974000000000000000e+03 1.730705371303941087e+00 -8.673674602265895499e-04
1.980000000000000000e+03 1.725485374795051374e+00 -8.726414016562633255e-04
1.986000000000000000e+03 1.720233418667052705e+00 -8.780210066728667828e-04
1.992000000000000000e+03 1.714948858091121853e+00 -8.835099074628986488e-04
1.998000000000000000e+03 1.709631025913813218e+00 -8.891119144747481424e-04
2.004000000000000000e+03 1.704279231554797658e+00 -8.948310273177961490e-04
2.010000000000000000e+03 1.698892759833507071e+00 -9.006714476405556146e-04
2.016000000000000000e+03 1.693470869718985528e+00 -9.066375920042025636e-04
2.022000000000000000e+03 1.688012792996700373e+00 -9.127341063093066332e-04
2.028000000000000000e+03 1.682517732845488112e+00 -9.189658817844581625e-04
2.034000000000000000e+03 1.676984862317087321e+00 -9.253380712939666573e-04
2.040000000000000000e+03 1.671413322709988103e+00 -9.318561081384520812e-04
2.046000000000000000e+03 1.665802221828473373e+00 -9.385257257617102278e-04
2.052000000000000000e+03 1.660150632116767833e+00 -9.453529794225162862e-04
2.058000000000000000e+03 1.654457588657180178e+00 -9.523442702796856103e-04
2.064000000000000000e+03 1.648722087019880655e+00 -9.595063704125171176e-04
2.070000000000000000e+03 1.642943080950665324e+00 -9.668464518891333641e-04
2.076000000000000000e+03 1.637119479881511630e+00 -9.743721170021657019e-04
2.082000000000000000e+03 1.631250146247025246e+00 -9.820914325857040602e-04
2.088000000000000000e+03 1.625333892587937701e+00 -9.900129667993152680e-04
2.094000000000000000e+03 1.619369478420618069e+00 -9.981458302785464146e-04
2.100000000000000000e+03 1.613355606849053547e+00 -1.006499720884128975e-03
2.106000000000000000e+03 1.607290920892915587e+00 -1.015084973840405750e-03
2.112000000000000000e+03 1.601173999502035983e+00 -1.023912615916408456e-03
2.118000000000000000e+03 1.595003353223928055e+00 -1.032994427037592974e-03
2.124000000000000000e+03 1.588777419486671727e+00 -1.042343007168366857e-03
2.130000000000000000e+03 1.582494557454550144e+00 -1.051971851552136600e-03
2.136000000000000000e+03 1.576153042408161786e+00 -1.061895434564645536e-03
2.142000000000000000e+03 1.569751059594080012e+00 -1.072129302316274018e-03
2.148000000000000000e+03 1.563286697481555798e+00 -1.082690178045098281e-03
2.154000000000000000e+03 1.556757940354790426e+00 -1.093596078435305624e-03
2.160000000000000000e+03 1.550162660158934225e+00 -1.104866446210804338e-03
2.166000000000000000e+03 1.543498607505737308e+00 -1.116522297770270030e-03
2.172000000000000000e+03 1.536763401730477430e+00 -1.128586391990327349e-03
2.178000000000000000e+03 1.529954519874844099e+00 -1.141083420241809868e-03
2.184000000000000000e+03 1.523069284450361272e+00 -1.154040222432271660e-03
2.190000000000000000e+03 1.516104849813185274e+00 -1.167486034884093141e-03
2.196000000000000000e+03 1.509058186952506819e+00 -1.181452771469175588e-03
2.202000000000000000e+03 1.501926066460735010e+00 -1.195975349210529363e-03
2.208000000000000000e+03 1.494705039412414838e+00 -1.211092061019998500e-03
2.214000000000000000e+03 1.487391415828968277e+00 -1.226845007508541594e-03
2.220000000000000000e+03 1.479981240345858096e+00 -1.243280599769814579e-03
2.226000000000000000e+03 1.472470264624440306e+00 -1.260450142832632422e-03
2.232000000000000000e+03 1.464853915959673625e+00 -1.278410521757990985e-03
2.238000000000000000e+03 1.457127261421907072e+00 -1.297225006216325572e-03
2.244000000000000000e+03 1.449284966730530755e+00 -1.316964204766443280e-03
2.250000000000000000e+03 1.441321248881037631e+00 -1.337707196187129738e-03
2.256000000000000000e+03 1.433229821324778275e+00 -1.359542884292776850e-03
2.262000000000000000e+03 1.425003830217983714e+00 -1.382571626142473130e-03
2.268000000000000000e+03 1.416635779894031666e+00 -1.406907202037112293e-03
2.274000000000000000e+03 1.408117445244418953e+00 -1.432679218083510739e-03
2.280000000000000000e+03 1.399439768082366031e+00 -1.460036056214755783e-03
2.286000000000000000e+03 1.390592733756650157e+00 -1.489148521365076579e-03
2.292000000000000000e+03 1.381565223210132309e+00 -1.520214400034003736e-03
2.298000000000000000e+03 1.372344834230892818e+00 -1.553464200891781352e-03
2.304000000000000000e+03 1.362917663670395907e+00 -1.589168462788806370e-03
2.310000000000000000e+03 1.353268039674646817e+00 -1.627647164060915322e-03
2.316000000000000000e+03 1.343378189144290413e+00 -1.669281980877496520e-03
2.322000000000000000e+03 1.333227820176722700e+00 -1.714532479911430422e-03
2.328000000000000000e+03 1.322793591309695760e+00 -1.763957822806235063e-03
2.334000000000000000e+03 1.312048427634337378e+00 -1.818246351341258529e-03
2.340000000000000000e+03 1.300960626049919133e+00 -1.878256669250458893e-03
2.346000000000000000e+03 1.289492664308613312e+00 -1.945075896034460707e-03
2.352000000000000000e+03 1.277599584405371580e+00 -2.020104279378608786e-03
2.358000000000000000e+03 1.265226748207073593e+00 -2.105181487842436392e-03
2.364000000000000000e+03 1.252306639024421520e+00 -2.202781241250103671e-03
2.370000000000000000e+03 1.238754161338502247e+00 -2.316322651913433391e-03
2.376000000000000000e+03 1.224459475579034784e+00 -2.450690972088204796e-03
2.382000000000000000e+03 1.209274735815223822e+00 -2.615441130236860826e-03
2.388000000000000000e+03 1.192996880487021016e+00 -2.818614945737905626e-03
2.394000000000000000e+03 1.175333827068326453e+00 -3.081278681573760333e-03
2.400000000000000000e+03 1.155831808501837310e+00 -3.440329977211350684e-03
2.406000000000000000e+03 1.133711017160939694e+00 -3.972697053312871339e-03
2.412000000000000000e+03 1.107414285336567605e+00 -4.889072260359337771e-03
2.418000000000000000e+03 1.072659971650306021e+00 -7.117450233108783136e-03
2.424000000000000000e+03 -2.000306337467587792e+00 6.664963969505293415e-04
2.430000000000000000e+03 -1.996300674413855392e+00 6.687285452144511129e-04
2.436000000000000000e+03 -1.992281545574438706e+00 6.709844085609915822e-04
2.442000000000000000e+03 -1.988248801290396717e+00 6.732661144295885814e-04
2.448000000000000000e+03 -1.984202290956934123e+00 6.755731477731783015e-04
2.454000000000000000e+03 -1.980141861106553991e+00 6.779060005294432808e-04
2.460000000000000000e+03 -1.976067355343282372e+00 6.802651672364314018e-04
2.466000000000000000e+03 -1.971978614263194984e+00 6.826511559840991658e-04
2.472000000000000000e+03 -1.967875475372262928e+00 6.850644887302466879e-04
2.478000000000000000e+03 -1.963757773001284734e+00 6.875057019393890313e-04
2.484000000000000000e+03 -1.959625338217774182e+00 6.899753469972746706e-04
2.490000000000000000e+03 -1.955477998734669542e+00 6.924739907362372805e-04
2.496000000000000000e+03 -1.951315578815725260e+00 6.950022161011900138e-04
2.502000000000000000e+03 -1.947137899177435294e+00 6.975606226641180296e-04
2.508000000000000000e+03 -1.942944776887330471e+00 7.001498272177290568e-04
2.514000000000000000e+03 -1.938736025258487539e+00 7.027704645012976909e-04
2.520000000000000000e+03 -1.934511453740072495e+00 7.054231878046847252e-04
2.526000000000000000e+03 -1.930270867803737689e+00 7.081086697915831354e-04
2.532000000000000000e+03 -1.926014068825673498e+00 7.108276030085557704e-04
2.538000000000000000e+03 -1.921740853964115425e+00 7.135807009361144976e-04
2.544000000000000000e+03 -1.917451016032086342e+00 7.163686985743367196e-04
2.550000000000000000e+03 -1.913144343365148270e+00 7.191923535276261272e-04
2.556000000000000000e+03 -1.908820619683918141e+00 7.220524466039210994e-04
2.562000000000000000e+03 -1.904479623951095046e+00 7.249497830592162252e-04
2.568000000000000000e+03 -1.900121130222725219e+00 7.278851932708440458e-04
2.574000000000000000e+03 -1.895744907493422726e+00 7.308595340578632983e-04
2.580000000000000000e+03 -1.891350719535238811e+00 7.338736896420743625e-04
2.586000000000000000e+03 -1.886938324729857008e+00 7.369285726676986104e-04
2.592000000000000000e+03 -1.882507475893776983e+00 7.400251256716405780e-04
2.598000000000000000e+03 -1.878057920096120936e+00 7.431643220434755882e-04
2.604000000000000000e+03 -1.873589398468680223e+00 7.463471675720639333e-04
2.610000000000000000e+03 -1.869101646007795381e+00 7.495747018171331931e-04
2.616000000000000000e+03 -1.864594391367630388e+00 7.528479994245254082e-04
2.622000000000000000e+03 -1.860067356644385939e+00 7.561681718872279630e-04
2.628000000000000000e+03 -1.855520257150955032e+00 7.595363689804452648e-04
2.634000000000000000e+03 -1.850952801181501517e+00 7.629537806097094928e-04
2.640000000000000000e+03 -1.846364689765405576e+00 7.664216386772718624e-04
2.646000000000000000e+03 -1.841755616409978424e+00 7.699412188825637731e-04
2.652000000000000000e+03 -1.837125266831314274e+00 7.735138427870797946e-04
2.658000000000000000e+03 -1.832473318672603435e+00 7.771408799417649097e-04
2.664000000000000000e+03 -1.827799441209187359e+00 7.808237502954675077e-04
2.670000000000000000e+03 -1.823103295039580241e+00 7.845639264953637761e-04
2.676000000000000000e+03 -1.818384531761630285e+00 7.883629363344692945e-04
2.682000000000000000e+03 -1.813642793632941341e+00 7.922223656841310665e-04
2.688000000000000000e+03 -1.808877713214603888e+00 7.961438610938665911e-04
2.694000000000000000e+03 -1.804088912997227956e+00 8.001291331901765622e-04
2.700000000000000000e+03 -1.799276005008178192e+00 8.041799594162602231e-04
2.706000000000000000e+03 -1.794438590398853117e+00 8.082981879119107956e-04
2.712000000000000000e+03 -1.789576259010751569e+00 8.124857409456138352e-04
2.718000000000000000e+03 -1.784688588918969865e+00 8.167446187597922087e-04
2.724000000000000000e+03 -1.779775145951684845e+00 8.210769037805872722e-04
2.730000000000000000e+03 -1.774835483184057816e+00 8.254847650919462047e-04
2.736000000000000000e+03 -1.769869140404865648e+00 8.299704627896898950e-04
2.742000000000000000e+03 -1.764875643554052242e+00 8.345363535295736513e-04
2.748000000000000000e+03 -1.759854504129226394e+00 8.391848953286521265e-04
2.754000000000000000e+03 -1.754805218558986635e+00 8.439186537149651144e-04
2.760000000000000000e+03 -1.749727267540776232e+00 8.487403075580396460e-04
2.766000000000000000e+03 -1.744620115340776545e+00 8.536526556929367867e-04
2.772000000000000000e+03 -1.739483209053148016e+00 8.586586239268850828e-04
2.778000000000000000e+03 -1.734315977815691578e+00 8.637612726626781338e-04
2.784000000000000000e+03 -1.729117831978750353e+00 8.689638047894176652e-04
2.790000000000000000e+03 -1.723888162223896403e+00 8.742695745381202053e-04
2.796000000000000000e+03 -1.718626338628639783e+00 8.796820965902442781e-04
2.802000000000000000e+03 -1.713331709673060921e+00 8.852050563396319811e-04
2.808000000000000000e+03 -1.708003601183898379e+00 8.908423206712900652e-04
2.814000000000000000e+03 -1.702641315211191442e+00 8.965979494214676134e-04
2.820000000000000000e+03 -1.697244128832144483e+00 9.024762081988598828e-04
2.826000000000000000e+03 -1.691811292876360451e+00 9.084815819317724550e-04
2.832000000000000000e+03 -1.686342030566021277e+00 9.146187896218499654e-04
2.838000000000000000e+03 -1.680835536063972180e+00 9.208928003132787338e-04
2.844000000000000000e+03 -1.675290972921963384e+00 9.273088504176438089e-04
2.850000000000000000e+03 -1.669707472420513428e+00 9.338724623620546549e-04
2.856000000000000000e+03 -1.664084131791005561e+00 9.405894654525225832e-04
2.862000000000000000e+03 -1.658420012309617553e+00 9.474660176671333795e-04
2.868000000000000000e+03 -1.652714137251608095e+00 9.545086303519701278e-04
2.874000000000000000e+03 -1.646965489693240414e+00 9.617241945491116937e-04
2.880000000000000000e+03 -1.641173010147215949e+00 9.691200098545251461e-04
2.886000000000000000e+03 -1.635335594015945970e+00 9.767038164531192945e-04
2.892000000000000000e+03 -1.629452088845194657e+00 9.844838298866311760e-04
2.898000000000000000e+03 -1.623521291358601681e+00 9.924687791191223393e-04
2.904000000000000000e+03 -1.617541944251326580e+00 1.000667948840219292e-03
2.910000000000000000e+03 -1.611512732718437757e+00 1.009091225626358246e-03
2.916000000000000000e+03 -1.605432280690705982e+00 1.017749149304025607e-03
2.922000000000000000e+03 -1.599299146747068079e+00 1.026652969551917344e-03
2.928000000000000000e+03 -1.593111819669129625e+00 1.035814708744023675e-03
2.934000000000000000e+03 -1.586868713598594161e+00 1.045247231326087859e-03
2.940000000000000000e+03 -1.580568162753377859e+00 1.054964321692703974e-03
2.946000000000000000e+03 -1.574208415652199156e+00 1.064980770380500371e-03
2.952000000000000000e+03 -1.567787628790541898e+00 1.075312470809224865e-03
2.958000000000000000e+03 -1.561303859702874552e+00 1.085976527253803767e-03
2.964000000000000000e+03 -1.554755059336681677e+00 1.096991376488445956e-03
2.970000000000000000e+03 -1.548139063652919534e+00 1.108376923938694325e-03
2.976000000000000000e+03 -1.541453584354742556e+00 1.120154698504378411e-03
2.982000000000000000e+03 -1.534696198631240405e+00 1.132348026765305502e-03
2.988000000000000000e+03 -1.527864337785080240e+00 1.144982230598173053e-03
2.994000000000000000e+03 -1.520955274591863748e+00 1.158084852613027686e-03
3.000000000000000000e+03 -1.513966109213830347e+00 1.171685913201018061e-03
