0.00000000 0.50005817
0.01980198 0.50596922
0.03960396 0.51187867
0.05940594 0.51778485
0.07920792 0.52368606
0.09900990 0.52958059
0.11881188 0.53546670
0.13861386 0.54134261
0.15841584 0.54720653
0.17821782 0.55305659
0.19801980 0.55889087
0.21782178 0.56470741
0.23762376 0.57050414
0.25742574 0.57627893
0.27722772 0.58202953
0.29702970 0.58775362
0.31683168 0.59344870
0.33663366 0.59911217
0.35643564 0.60474124
0.37623762 0.61033296
0.39603960 0.61588415
0.41584158 0.62139140
0.43564356 0.62685103
0.45544554 0.63225903
0.47524752 0.63761104
0.49504950 0.64290229
0.51485149 0.64812749
0.53465347 0.65328078
0.55445545 0.65835562
0.57425743 0.66334465
0.59405941 0.66823949
0.61386139 0.67303055
0.63366337 0.67770668
0.65346535 0.68225478
0.67326733 0.68665918
0.69306931 0.69090072
0.71287129 0.69495536
0.73267327 0.69879191
0.75247525 0.70236810
0.77227723 0.70562350
0.79207921 0.70846623
0.81188119 0.71074698
0.83168317 0.71220755
0.85148515 0.71237935
0.87128713 0.71039280
0.89108911 0.70466339
0.91089109 0.69252484
0.93069307 0.67021672
0.95049505 0.63406078
0.97029703 0.58318887
0.99009901 0.52203004
1.00990099 0.45943030
1.02970297 0.40426921
1.04950495 0.36149045
1.06930693 0.33152435
1.08910891 0.31215301
1.10891089 0.30049952
1.12871287 0.29408849
1.14851485 0.29112487
1.16831683 0.29041375
1.18811881 0.29119239
1.20792079 0.29298161
1.22772277 0.29548013
1.24752475 0.29849598
1.26732673 0.30190416
1.28712871 0.30562092
1.30693069 0.30958827
1.32673267 0.31376465
1.34653465 0.31811919
1.36633663 0.32262824
1.38613861 0.32727311
1.40594059 0.33203866
1.42574257 0.33691234
1.44554455 0.34188357
1.46534653 0.34694324
1.48514851 0.35208349
1.50495050 0.35729735
1.52475248 0.36257869
1.54455446 0.36792198
1.56435644 0.37332227
1.58415842 0.37877505
1.60396040 0.38427619
1.62376238 0.38982192
1.64356436 0.39540874
1.66336634 0.40103343
1.68316832 0.40669295
1.70297030 0.41238450
1.72277228 0.41810540
1.74257426 0.42385316
1.76237624 0.42962540
1.78217822 0.43541986
1.80198020 0.44123438
1.82178218 0.44706689
1.84158416 0.45291539
1.86138614 0.45877796
1.88118812 0.46465273
1.90099010 0.47053788
1.92079208 0.47643164
1.94059406 0.48233225
1.96039604 0.48823801
1.98019802 0.49414721
